9 0.463281 0.727778 0.131250 0.191667
1 0.636719 0.417361 0.071875 0.070833
1 0.375781 0.497917 0.075000 0.095833
1 0.264453 0.520139 0.074219 0.112500
1 0.326953 0.392361 0.038281 0.048611
4 0.472656 0.342361 0.034375 0.056944
1 0.173047 0.402778 0.044531 0.058333
12 0.926172 0.398611 0.019531 0.055556
15 0.926562 0.381944 0.009375 0.019444
12 0.899609 0.398611 0.019531 0.058333
1 0.310937 0.367361 0.029687 0.040278
1 0.274609 0.345139 0.024219 0.034722
1 0.314453 0.336806 0.025781 0.037500
1 0.970703 0.818750 0.055469 0.170833
13 0.042969 0.390278 0.009375 0.016667
