9 0.412891 0.734722 0.164844 0.263889
1 0.640234 0.418056 0.071094 0.069444
1 0.375781 0.497917 0.075000 0.095833
1 0.265234 0.521528 0.074219 0.112500
1 0.326562 0.390278 0.037500 0.052778
4 0.474219 0.345139 0.035937 0.051389
1 0.175781 0.402778 0.046875 0.058333
12 0.926172 0.398611 0.019531 0.055556
15 0.926562 0.381944 0.009375 0.019444
12 0.899609 0.398611 0.019531 0.058333
1 0.310937 0.367361 0.029687 0.040278
1 0.274609 0.345139 0.024219 0.034722
1 0.314453 0.336806 0.025781 0.037500
1 0.964063 0.813194 0.068750 0.165278
13 0.042969 0.390278 0.009375 0.016667
