1 0.456250 0.348611 0.028125 0.036111
1 0.422656 0.330556 0.026562 0.036111
15 0.926562 0.377778 0.009375 0.016667
15 0.042969 0.368056 0.009375 0.016667
9 0.382422 0.550694 0.317969 0.231944
12 0.898047 0.397222 0.019531 0.072222
12 0.924219 0.397917 0.020313 0.062500
4 0.746875 0.434028 0.101562 0.104167
1 0.315234 0.359028 0.028906 0.048611
4 0.857031 0.611806 0.226562 0.181944
0 0.727734 0.480556 0.019531 0.077778
0 0.703125 0.487500 0.025000 0.077778
0 0.694922 0.481250 0.019531 0.079167
1 0.930078 0.713194 0.136719 0.195833
1 0.087891 0.595139 0.074219 0.112500
