1 0.253906 0.477083 0.057813 0.087500
1 0.344922 0.453472 0.053906 0.073611
4 0.502734 0.358333 0.038281 0.047222
1 0.192969 0.384722 0.035937 0.050000
1 0.337500 0.629861 0.134375 0.168056
12 0.926172 0.399306 0.019531 0.062500
15 0.926562 0.379167 0.009375 0.016667
12 0.900391 0.397222 0.019531 0.058333
1 0.323047 0.375000 0.030469 0.041667
1 0.313281 0.334028 0.023438 0.034722
1 0.733594 0.444444 0.093750 0.075000
1 0.278125 0.335417 0.020313 0.034722
1 0.313281 0.354861 0.025000 0.034722
13 0.043750 0.391667 0.009375 0.016667
9 0.807422 0.827083 0.385156 0.345833
