1 0.702344 0.684028 0.148438 0.187500
1 0.253125 0.454861 0.051562 0.076389
1 0.339844 0.432639 0.045312 0.065278
4 0.532031 0.375000 0.046875 0.061111
1 0.201953 0.376389 0.035156 0.047222
9 0.582812 0.773611 0.331250 0.452778
1 0.293359 0.580556 0.097656 0.138889
12 0.926172 0.399306 0.019531 0.062500
15 0.926562 0.379167 0.009375 0.016667
12 0.900391 0.397222 0.019531 0.058333
1 0.322266 0.370833 0.030469 0.041667
1 0.313281 0.331250 0.023438 0.034722
1 0.836719 0.470139 0.109375 0.079167
1 0.312891 0.352083 0.025781 0.034722
13 0.043750 0.390278 0.009375 0.016667
