9 0.453516 0.710417 0.185156 0.176389
1 0.628516 0.412500 0.066406 0.063889
1 0.380469 0.508333 0.079687 0.102778
1 0.268750 0.527083 0.075000 0.115278
1 0.326953 0.392361 0.038281 0.048611
4 0.469922 0.340972 0.032031 0.054167
1 0.172266 0.402083 0.047656 0.059722
12 0.926172 0.398611 0.019531 0.055556
15 0.926562 0.381944 0.009375 0.019444
12 0.899609 0.398611 0.019531 0.058333
1 0.310937 0.367361 0.029687 0.040278
1 0.273828 0.346528 0.024219 0.034722
1 0.314453 0.336806 0.025781 0.037500
1 0.983594 0.810417 0.029687 0.131944
