1 0.457031 0.350000 0.028125 0.038889
1 0.423828 0.331250 0.027344 0.034722
15 0.926562 0.377778 0.009375 0.016667
15 0.042969 0.368056 0.009375 0.016667
9 0.480078 0.562500 0.221094 0.169444
12 0.898047 0.397222 0.019531 0.072222
12 0.924219 0.397917 0.020313 0.062500
4 0.753906 0.436111 0.104688 0.105556
1 0.315234 0.356250 0.028906 0.048611
4 0.887109 0.611111 0.222656 0.180556
0 0.727734 0.480556 0.019531 0.077778
0 0.703125 0.487500 0.025000 0.077778
0 0.694922 0.481250 0.019531 0.079167
1 0.955859 0.715278 0.085156 0.177778
1 0.210938 0.546528 0.276562 0.218056
