9 0.594141 0.856944 0.205469 0.286111
1 0.586328 0.397917 0.057031 0.056944
1 0.422656 0.545833 0.106250 0.130556
1 0.285938 0.567361 0.092188 0.134722
1 0.328125 0.402083 0.039062 0.056944
4 0.457031 0.332639 0.026562 0.054167
1 0.149609 0.414583 0.057031 0.065278
12 0.926172 0.398611 0.019531 0.055556
15 0.926562 0.381944 0.009375 0.019444
12 0.899609 0.398611 0.019531 0.058333
1 0.310156 0.374306 0.029687 0.045833
1 0.271875 0.354861 0.028125 0.037500
1 0.316016 0.341667 0.028906 0.041667
13 0.042188 0.389583 0.009375 0.018056
