1 0.452734 0.347917 0.027344 0.034722
15 0.926562 0.377778 0.009375 0.016667
9 0.282422 0.538194 0.344531 0.226389
12 0.898047 0.397222 0.019531 0.072222
12 0.924219 0.397917 0.020313 0.062500
4 0.723828 0.428472 0.097656 0.101389
1 0.315625 0.363194 0.029687 0.048611
4 0.762891 0.606944 0.239844 0.180556
0 0.729297 0.481944 0.019531 0.077778
0 0.698828 0.481250 0.019531 0.081944
0 0.710938 0.487500 0.021875 0.075000
1 0.812891 0.718750 0.247656 0.204167
1 0.418750 0.328472 0.025000 0.034722
1 0.026562 0.433333 0.051562 0.138889
