1 0.255469 0.488889 0.060937 0.094444
1 0.352344 0.465278 0.056250 0.080556
4 0.496484 0.356944 0.038281 0.047222
1 0.189062 0.388889 0.039062 0.052778
9 0.845313 0.864583 0.306250 0.270833
1 0.357031 0.656250 0.145313 0.184722
12 0.926172 0.399306 0.019531 0.062500
15 0.926562 0.379167 0.009375 0.016667
12 0.900391 0.397222 0.019531 0.058333
1 0.323437 0.379861 0.032813 0.045833
1 0.313281 0.334028 0.023438 0.034722
1 0.708203 0.439583 0.089844 0.073611
1 0.277344 0.338194 0.020313 0.034722
1 0.311719 0.360417 0.025000 0.034722
13 0.042188 0.387500 0.009375 0.016667
