1 0.720313 0.687500 0.092188 0.161111
1 0.253906 0.453472 0.051562 0.076389
1 0.337891 0.430556 0.046094 0.063889
4 0.533594 0.376389 0.046875 0.061111
1 0.201953 0.375000 0.035156 0.047222
10 0.580859 0.811806 0.361719 0.376389
1 0.292187 0.576389 0.093750 0.133333
12 0.926172 0.399306 0.019531 0.062500
15 0.926562 0.379167 0.009375 0.016667
12 0.900391 0.397222 0.019531 0.058333
1 0.321094 0.367361 0.028125 0.037500
1 0.313281 0.331250 0.023438 0.034722
1 0.844141 0.469444 0.110156 0.077778
1 0.280078 0.332639 0.019531 0.034722
1 0.312891 0.352083 0.024219 0.034722
13 0.042969 0.387500 0.009375 0.016667
