1 0.556641 0.631944 0.142969 0.155556
1 0.258984 0.431250 0.046094 0.065278
1 0.332813 0.406250 0.040625 0.051389
4 0.572656 0.388889 0.056250 0.066667
1 0.210938 0.365278 0.032813 0.041667
10 0.472656 0.698611 0.182812 0.277778
1 0.270703 0.535417 0.078906 0.109722
12 0.926172 0.399306 0.019531 0.062500
15 0.926562 0.379167 0.009375 0.016667
12 0.900391 0.397222 0.019531 0.058333
1 0.321094 0.360417 0.028125 0.037500
1 0.313281 0.329861 0.023438 0.034722
1 0.953125 0.495833 0.090625 0.086111
1 0.283984 0.327083 0.019531 0.034722
