1 0.542188 0.618750 0.146875 0.154167
1 0.258984 0.431250 0.046094 0.065278
1 0.332813 0.406250 0.040625 0.051389
4 0.577734 0.390278 0.060156 0.069444
1 0.212500 0.364583 0.031250 0.040278
10 0.416406 0.664583 0.235937 0.348611
1 0.268750 0.531250 0.071875 0.115278
12 0.926172 0.399306 0.019531 0.062500
15 0.926562 0.379167 0.009375 0.016667
12 0.900391 0.397222 0.019531 0.058333
1 0.321094 0.360417 0.028125 0.037500
1 0.313281 0.329861 0.023438 0.034722
1 0.961328 0.495139 0.074219 0.076389
13 0.042578 0.406944 0.010156 0.016667
