1 0.631641 0.657639 0.092969 0.176389
1 0.255469 0.440278 0.050000 0.072222
1 0.335547 0.418056 0.042969 0.061111
4 0.555078 0.381250 0.052344 0.065278
1 0.207422 0.370833 0.033594 0.041667
10 0.494531 0.727083 0.287500 0.343056
1 0.276953 0.551389 0.080469 0.125000
15 0.926562 0.379167 0.009375 0.016667
12 0.900391 0.397222 0.019531 0.058333
1 0.321484 0.365972 0.027344 0.037500
1 0.313281 0.328472 0.023438 0.034722
1 0.914453 0.486111 0.114844 0.086111
1 0.283203 0.327083 0.019531 0.034722
1 0.312500 0.352083 0.025000 0.034722
12 0.926953 0.399306 0.019531 0.059722
13 0.042969 0.388889 0.009375 0.016667
