1 0.573047 0.633333 0.142969 0.155556
1 0.257031 0.434722 0.048438 0.069444
1 0.334766 0.413889 0.042969 0.058333
4 0.566406 0.386111 0.056250 0.066667
1 0.210156 0.366667 0.032813 0.041667
10 0.439063 0.721528 0.265625 0.306944
1 0.270703 0.535417 0.078906 0.109722
12 0.926172 0.399306 0.019531 0.062500
15 0.926562 0.379167 0.009375 0.016667
12 0.900391 0.397222 0.019531 0.058333
1 0.321484 0.363194 0.027344 0.037500
1 0.313281 0.329861 0.023438 0.034722
1 0.953125 0.495833 0.090625 0.086111
13 0.042969 0.406944 0.009375 0.016667
