1 0.454297 0.349306 0.028906 0.034722
15 0.926562 0.377778 0.009375 0.016667
15 0.042969 0.368056 0.009375 0.016667
10 0.165625 0.551389 0.276562 0.205556
12 0.898047 0.397222 0.019531 0.072222
12 0.924219 0.397917 0.020313 0.062500
4 0.735156 0.431944 0.100000 0.102778
1 0.315625 0.361111 0.029687 0.047222
4 0.811328 0.610417 0.235156 0.187500
0 0.729297 0.481944 0.019531 0.077778
0 0.699609 0.481944 0.019531 0.080556
0 0.708203 0.486111 0.022656 0.075000
1 0.887891 0.716667 0.221094 0.200000
10 0.481250 0.545139 0.109375 0.137500
