1 0.652734 0.667361 0.133594 0.173611
1 0.254297 0.448611 0.049219 0.072222
1 0.336328 0.420833 0.046094 0.063889
4 0.545312 0.378472 0.051562 0.065278
1 0.205078 0.372917 0.035156 0.048611
10 0.533984 0.779861 0.319531 0.356944
1 0.284375 0.563889 0.090625 0.130556
12 0.926172 0.399306 0.019531 0.062500
15 0.926562 0.379167 0.009375 0.016667
12 0.900391 0.397222 0.019531 0.058333
1 0.321094 0.367361 0.028125 0.037500
1 0.312891 0.331250 0.022656 0.034722
1 0.877734 0.477778 0.114844 0.086111
1 0.282422 0.327083 0.019531 0.034722
1 0.312891 0.352083 0.024219 0.034722
13 0.042578 0.389583 0.010156 0.018056
