1 0.662109 0.666667 0.133594 0.172222
1 0.253516 0.450000 0.049219 0.072222
1 0.337109 0.423611 0.046094 0.063889
4 0.542969 0.378472 0.046875 0.062500
1 0.204297 0.372222 0.035156 0.047222
10 0.544531 0.770833 0.332813 0.388889
1 0.284375 0.570139 0.090625 0.131944
12 0.926172 0.399306 0.019531 0.062500
15 0.926562 0.379167 0.009375 0.016667
12 0.900391 0.397222 0.019531 0.058333
1 0.321094 0.367361 0.028125 0.037500
1 0.313281 0.331250 0.023438 0.034722
1 0.873047 0.475694 0.114844 0.084722
1 0.281641 0.329861 0.019531 0.034722
1 0.313281 0.353472 0.023438 0.034722
13 0.041406 0.384722 0.009375 0.016667
