1 0.727344 0.704167 0.040625 0.102778
1 0.253906 0.451389 0.051562 0.072222
1 0.337500 0.427778 0.045312 0.063889
4 0.537500 0.377778 0.046875 0.061111
1 0.203516 0.373611 0.035156 0.047222
10 0.565625 0.788889 0.325000 0.363889
1 0.289453 0.572917 0.091406 0.131944
12 0.926172 0.399306 0.019531 0.062500
15 0.926562 0.379167 0.009375 0.016667
12 0.900391 0.397222 0.019531 0.058333
1 0.321094 0.367361 0.028125 0.037500
1 0.313281 0.331250 0.023438 0.034722
1 0.858203 0.472917 0.114844 0.079167
1 0.281641 0.329861 0.019531 0.034722
1 0.312500 0.353472 0.025000 0.034722
13 0.042188 0.387500 0.009375 0.016667
