1 0.551953 0.970833 0.247656 0.058333
1 0.510938 0.607639 0.146875 0.143056
1 0.258984 0.427083 0.042969 0.059722
1 0.332422 0.405556 0.039844 0.052778
4 0.591016 0.393056 0.060156 0.072222
1 0.215234 0.363889 0.032031 0.038889
10 0.398828 0.640278 0.203906 0.319444
1 0.262109 0.520139 0.064844 0.109722
12 0.926172 0.399306 0.019531 0.062500
15 0.926562 0.379167 0.009375 0.016667
12 0.900391 0.397222 0.019531 0.058333
1 0.321094 0.360417 0.028125 0.037500
1 0.313281 0.329861 0.023438 0.034722
1 0.979297 0.502083 0.038281 0.068056
13 0.042188 0.388889 0.009375 0.016667
