10 0.465625 0.759722 0.178125 0.244444
1 0.620313 0.412500 0.067187 0.066667
1 0.386719 0.513194 0.084375 0.106944
1 0.271875 0.536806 0.079687 0.123611
1 0.326562 0.394444 0.039062 0.055556
4 0.467578 0.340278 0.032031 0.055556
1 0.167578 0.405556 0.047656 0.058333
12 0.926172 0.398611 0.019531 0.055556
15 0.926562 0.381944 0.009375 0.019444
12 0.899609 0.398611 0.019531 0.058333
1 0.310156 0.368056 0.029687 0.044444
1 0.273047 0.346528 0.024219 0.034722
1 0.314453 0.336806 0.025781 0.037500
13 0.042188 0.390278 0.009375 0.016667
