1 0.585156 0.982639 0.196875 0.034722
1 0.522656 0.611111 0.146875 0.155556
1 0.258203 0.428472 0.042969 0.059722
1 0.332422 0.405556 0.039844 0.052778
4 0.585547 0.393056 0.060156 0.072222
1 0.213672 0.365278 0.032031 0.038889
10 0.403125 0.650000 0.232813 0.338889
1 0.265625 0.528472 0.070312 0.109722
13 0.926172 0.399306 0.019531 0.062500
16 0.926562 0.379167 0.009375 0.016667
13 0.900391 0.397222 0.019531 0.058333
1 0.321094 0.360417 0.028125 0.037500
1 0.313281 0.329861 0.023438 0.034722
1 0.971875 0.499306 0.053125 0.068056
14 0.043750 0.390278 0.009375 0.019444
