1 0.619531 0.649306 0.134375 0.170833
1 0.255078 0.440278 0.049219 0.072222
1 0.335547 0.418056 0.042969 0.061111
4 0.553516 0.380556 0.052344 0.066667
1 0.206641 0.369444 0.033594 0.044444
10 0.495703 0.741667 0.303906 0.361111
1 0.279297 0.554861 0.083594 0.123611
12 0.926172 0.399306 0.019531 0.062500
15 0.926562 0.379167 0.009375 0.016667
12 0.900391 0.397222 0.019531 0.058333
1 0.321094 0.367361 0.028125 0.037500
1 0.312891 0.331250 0.022656 0.034722
1 0.907031 0.486111 0.118750 0.086111
1 0.283203 0.327083 0.019531 0.034722
1 0.313281 0.353472 0.025000 0.034722
13 0.042188 0.388889 0.009375 0.016667
