1 0.453516 0.347917 0.027344 0.034722
15 0.926562 0.377778 0.009375 0.016667
15 0.042969 0.368056 0.009375 0.016667
12 0.898047 0.397222 0.019531 0.072222
12 0.924219 0.397917 0.020313 0.062500
4 0.727734 0.428472 0.099219 0.101389
1 0.315625 0.363194 0.029687 0.048611
4 0.778516 0.611111 0.236719 0.188889
0 0.729297 0.481250 0.019531 0.076389
0 0.699609 0.481944 0.019531 0.080556
0 0.709766 0.488194 0.019531 0.076389
1 0.841016 0.717361 0.244531 0.204167
10 0.433594 0.532639 0.125000 0.212500
10 0.210547 0.531250 0.099219 0.193056
