1 0.594531 0.640972 0.137500 0.176389
1 0.257031 0.434722 0.048438 0.069444
1 0.334766 0.413889 0.042969 0.058333
4 0.559766 0.383333 0.052344 0.066667
1 0.208203 0.369444 0.033594 0.041667
10 0.472656 0.702778 0.285938 0.377778
1 0.275391 0.545139 0.080469 0.118056
12 0.900391 0.397222 0.019531 0.058333
12 0.041016 0.387500 0.019531 0.058333
12 0.066797 0.389583 0.019531 0.062500
1 0.321484 0.363194 0.027344 0.037500
1 0.313281 0.329861 0.023438 0.034722
1 0.932813 0.487500 0.112500 0.086111
1 0.312109 0.350694 0.024219 0.034722
13 0.042188 0.405556 0.009375 0.016667
