10 0.525000 0.802778 0.237500 0.263889
1 0.608203 0.404861 0.064844 0.059722
1 0.397266 0.524306 0.092969 0.112500
1 0.276172 0.547917 0.082031 0.123611
1 0.326953 0.397222 0.035156 0.055556
4 0.463281 0.337500 0.031250 0.050000
1 0.162109 0.409028 0.050781 0.062500
12 0.926172 0.398611 0.019531 0.055556
15 0.926562 0.381944 0.009375 0.019444
12 0.899609 0.398611 0.019531 0.058333
1 0.310156 0.369444 0.029687 0.044444
1 0.273047 0.350000 0.027344 0.036111
1 0.314453 0.336806 0.025781 0.037500
13 0.042578 0.387500 0.010156 0.016667
