1 0.458203 0.352083 0.028906 0.037500
1 0.425391 0.333333 0.027344 0.036111
15 0.926562 0.377778 0.009375 0.016667
15 0.042969 0.368056 0.009375 0.016667
10 0.354297 0.518750 0.541406 0.276389
12 0.898047 0.397222 0.019531 0.072222
12 0.924219 0.397917 0.020313 0.062500
4 0.762500 0.438889 0.106250 0.108333
1 0.314453 0.356250 0.028906 0.048611
4 0.902734 0.610417 0.191406 0.179167
0 0.726953 0.481250 0.019531 0.079167
0 0.691016 0.481250 0.019531 0.076389
0 0.702344 0.488194 0.026562 0.076389
1 0.982031 0.724306 0.032813 0.115278
