1 0.535156 0.622222 0.146875 0.155556
1 0.258984 0.431250 0.046094 0.065278
1 0.332813 0.406250 0.040625 0.051389
4 0.582031 0.393056 0.059375 0.069444
1 0.212500 0.364583 0.031250 0.040278
10 0.416406 0.655556 0.242188 0.341667
1 0.265625 0.528472 0.070312 0.109722
15 0.926562 0.379167 0.009375 0.016667
12 0.900391 0.397222 0.019531 0.058333
1 0.321094 0.360417 0.028125 0.037500
1 0.313281 0.329861 0.023438 0.034722
1 0.964063 0.495139 0.068750 0.076389
12 0.926953 0.398611 0.019531 0.061111
13 0.042969 0.406944 0.009375 0.016667
