15 0.9262364971175495 0.3775023810560297 0.009375 0.016666666666666666
15 0.04286821006116158 0.367787567963554 0.009375 0.01666666666666668
10 0.16851914559912637 0.5460282763728216 0.33703829119825274 0.20624779148719632
12 0.8982749110631232 0.39381350627279593 0.019531250000000035 0.06841232090681829
12 0.9243926584144851 0.3994305806486813 0.020612770468430488 0.06445370319469407
4 0.678697111030325 0.4159280130038814 0.08412554126341557 0.09712992186303963
1 0.3179695036145789 0.3710343972313625 0.03270445043652709 0.05334124353546752
4 0.5170432575414126 0.6105061519598297 0.24455821956697937 0.1908133052883071
0 0.7407464009318515 0.4820893090205932 0.019531250000000035 0.07635103025280811
0 0.713117331058984 0.481694816114706 0.01953125 0.07892070581121349
0 0.7221366578951021 0.48820538556122606 0.021380484973915287 0.07688527710262091
1 0.37606982610971645 0.718269079221111 0.26048868781938533 0.21091494235378083
1 0.9851361992002629 0.5092317381753978 0.028031220646756456 0.06009419525212996
