10 0.550781 0.809722 0.114062 0.219444
1 0.592578 0.399306 0.058594 0.059722
1 0.413672 0.538194 0.099219 0.120833
1 0.281641 0.556250 0.088281 0.131944
1 0.326562 0.397222 0.035937 0.055556
4 0.458984 0.335417 0.027344 0.051389
1 0.155078 0.413194 0.057031 0.065278
12 0.926172 0.398611 0.019531 0.055556
15 0.926562 0.381944 0.009375 0.019444
12 0.899609 0.398611 0.019531 0.058333
1 0.310156 0.374306 0.029687 0.045833
1 0.271484 0.353472 0.025781 0.034722
1 0.316016 0.341667 0.028906 0.041667
13 0.042188 0.389583 0.009375 0.018056
