1 0.637109 0.658333 0.133594 0.172222
1 0.255078 0.444444 0.049219 0.072222
1 0.335938 0.420139 0.042188 0.062500
4 0.548828 0.378472 0.050781 0.065278
1 0.204687 0.370833 0.032813 0.044444
10 0.517969 0.763194 0.296875 0.362500
1 0.280859 0.559722 0.085156 0.127778
12 0.926172 0.399306 0.019531 0.062500
15 0.926562 0.379167 0.009375 0.016667
12 0.900391 0.397222 0.019531 0.058333
1 0.321094 0.367361 0.028125 0.037500
1 0.312891 0.331250 0.022656 0.034722
1 0.892969 0.480556 0.117188 0.086111
1 0.282422 0.327083 0.019531 0.034722
1 0.312891 0.353472 0.025781 0.034722
13 0.042188 0.387500 0.009375 0.016667
