15 0.926562 0.377778 0.009375 0.016667
15 0.042969 0.368056 0.009375 0.016667
10 0.309766 0.496528 0.078906 0.148611
12 0.898047 0.396528 0.019531 0.062500
12 0.924219 0.397917 0.020313 0.062500
4 0.694141 0.421528 0.088281 0.101389
1 0.317578 0.368056 0.032031 0.050000
4 0.607031 0.607639 0.250000 0.187500
0 0.740234 0.481250 0.019531 0.076389
0 0.709766 0.481250 0.019531 0.079167
0 0.717187 0.487500 0.025000 0.077778
1 0.535156 0.719444 0.265625 0.208333
1 0.448047 0.345139 0.025781 0.034722
1 0.413281 0.324306 0.025000 0.034722
