1 0.458984 0.352778 0.028906 0.036111
1 0.426172 0.333333 0.027344 0.036111
15 0.926562 0.377778 0.009375 0.016667
15 0.042969 0.368056 0.009375 0.016667
10 0.563672 0.561806 0.147656 0.195833
12 0.898047 0.397222 0.019531 0.072222
12 0.924219 0.397917 0.020313 0.062500
4 0.766406 0.439583 0.106250 0.106944
1 0.314453 0.352083 0.028906 0.051389
4 0.910156 0.613889 0.176563 0.166667
0 0.726172 0.481250 0.019531 0.079167
0 0.689453 0.482639 0.019531 0.079167
0 0.700781 0.488889 0.025000 0.077778
10 0.330469 0.561111 0.095312 0.191667
