0 0.048238 0.465528 0.019580 0.075901
13 0.043076 0.387097 0.009256 0.016445
15 0.926664 0.376344 0.009256 0.016445
6 0.048950 0.481973 0.040228 0.045541
1 0.568352 0.396268 0.056604 0.047438
2 0.422036 0.920304 0.296547 0.159393
1 0.156817 0.492410 0.067284 0.095509
1 0.217159 0.398166 0.037736 0.049968
2 0.479174 0.704301 0.348167 0.338393
4 0.268601 0.576850 0.094340 0.166983
1 0.266821 0.432321 0.050908 0.089184
4 0.501246 0.362745 0.035600 0.055028
12 0.926842 0.399431 0.019580 0.062619
12 0.900142 0.395952 0.019580 0.058191
1 0.306871 0.345035 0.024920 0.034788
