0 0.048238 0.465528 0.019580 0.075901
13 0.043076 0.387097 0.009256 0.016445
15 0.926664 0.376344 0.009256 0.016445
6 0.048950 0.481973 0.040228 0.045541
1 0.550374 0.390576 0.052688 0.046173
2 0.153613 0.555345 0.156283 0.222644
1 0.211641 0.408602 0.040940 0.056926
1 0.545568 0.799494 0.258099 0.263125
4 0.293343 0.650854 0.125311 0.211259
1 0.263973 0.447502 0.054468 0.100569
4 0.494482 0.359583 0.035600 0.052498
12 0.926842 0.399431 0.019580 0.062619
12 0.900142 0.395952 0.019580 0.058191
1 0.310075 0.355471 0.027768 0.041746
