0 0.048119 0.465341 0.019654 0.075949
13 0.043036 0.386980 0.009488 0.016878
15 0.926635 0.376130 0.009149 0.016878
6 0.048966 0.481615 0.040325 0.045811
1 0.589970 0.404159 0.058963 0.048825
2 0.246018 0.807113 0.189766 0.285714
1 0.175025 0.464738 0.059302 0.083183
1 0.221959 0.389693 0.035242 0.050030
4 0.252118 0.514768 0.073196 0.125377
1 0.270417 0.414708 0.046764 0.078360
4 0.508811 0.369198 0.034226 0.057263
12 0.926804 0.399036 0.019654 0.062688
12 0.900034 0.396022 0.019654 0.057866
1 0.301423 0.336347 0.022026 0.034961
1 0.444764 0.693490 0.329041 0.367089
