0 0.048238 0.465528 0.019580 0.075901
13 0.043076 0.387097 0.009256 0.016445
15 0.926664 0.376344 0.009256 0.016445
6 0.048950 0.481973 0.040228 0.045541
1 0.539694 0.388046 0.050552 0.043643
1 0.135635 0.551550 0.168031 0.235294
1 0.207191 0.413978 0.042008 0.056293
1 0.641509 0.857052 0.308295 0.285895
4 0.325561 0.723593 0.165539 0.261860
1 0.262549 0.460468 0.057316 0.108792
4 0.490032 0.356736 0.034532 0.051866
12 0.926842 0.399431 0.019580 0.062619
12 0.900142 0.395952 0.019580 0.058191
1 0.313635 0.362429 0.030616 0.046806
