0 0.048286 0.465420 0.019672 0.075964
13 0.043070 0.386905 0.009240 0.016440
15 0.926677 0.376417 0.009538 0.017007
6 0.049031 0.481859 0.040238 0.045351
1 0.529359 0.383503 0.048286 0.043651
2 0.152161 0.583050 0.176155 0.176304
1 0.201490 0.424887 0.044709 0.062925
1 0.782712 0.889739 0.364829 0.220522
4 0.398063 0.831916 0.247094 0.330499
1 0.263487 0.471939 0.062593 0.113946
4 0.483756 0.354025 0.033383 0.050454
12 0.926677 0.399376 0.019672 0.062925
12 0.900000 0.395975 0.019374 0.058390
1 0.318182 0.374433 0.034277 0.052721
