0 0.048238 0.465528 0.019580 0.075901
13 0.043076 0.387097 0.009256 0.016445
15 0.926664 0.376344 0.009256 0.016445
6 0.048950 0.481973 0.040228 0.045541
1 0.584016 0.401961 0.058740 0.048703
2 0.282307 0.851360 0.222855 0.297280
1 0.170167 0.470272 0.060520 0.082859
1 0.221075 0.391208 0.037024 0.049968
1 0.401922 0.666983 0.235671 0.283997
4 0.254717 0.529412 0.076540 0.140417
1 0.269669 0.417457 0.048060 0.082226
4 0.506408 0.367805 0.034532 0.057559
12 0.926842 0.399431 0.019580 0.062619
12 0.900142 0.395952 0.019580 0.058191
1 0.302955 0.338710 0.024208 0.034788
