0 0.048238 0.465528 0.019580 0.075901
13 0.043076 0.387097 0.009256 0.016445
15 0.926664 0.376344 0.009256 0.016445
6 0.048950 0.481973 0.040228 0.045541
1 0.530260 0.383934 0.047348 0.044276
1 0.133143 0.588235 0.116768 0.183428
1 0.202563 0.423150 0.044856 0.063251
1 0.758989 0.885515 0.354575 0.228969
4 0.381630 0.815623 0.229263 0.327008
1 0.263439 0.470588 0.062656 0.113852
4 0.485048 0.353574 0.033108 0.050601
12 0.926842 0.399431 0.019580 0.062619
12 0.900142 0.395952 0.019580 0.058191
1 0.316483 0.371284 0.032040 0.046806
