0 0.048238 0.465528 0.019580 0.075901
13 0.043076 0.387097 0.009256 0.016445
15 0.926664 0.376344 0.009256 0.016445
6 0.048950 0.481973 0.040228 0.045541
1 0.538804 0.387097 0.048772 0.044276
2 0.149341 0.577799 0.152011 0.357369
1 0.206835 0.417141 0.043432 0.061354
1 0.661801 0.862113 0.318975 0.275775
4 0.334105 0.735294 0.175507 0.276407
1 0.262549 0.460468 0.057316 0.108792
4 0.489142 0.355787 0.034888 0.052498
12 0.926842 0.399431 0.019580 0.062619
12 0.900142 0.395952 0.019580 0.058191
1 0.314703 0.365591 0.030616 0.046806
