0 0.048238 0.465528 0.019580 0.075901
13 0.043076 0.387097 0.009256 0.016445
15 0.926664 0.376344 0.009256 0.016445
6 0.048950 0.481973 0.040228 0.045541
1 0.567284 0.396584 0.056604 0.048071
2 0.435920 0.925047 0.301531 0.149905
1 0.155749 0.494307 0.067284 0.095509
1 0.217159 0.398166 0.037736 0.049968
2 0.444286 0.689753 0.223567 0.287793
4 0.268957 0.579064 0.094340 0.166350
1 0.266821 0.432321 0.050908 0.089184
4 0.500712 0.362113 0.035244 0.055028
12 0.926842 0.399431 0.019580 0.062619
12 0.900142 0.395952 0.019580 0.058191
1 0.306871 0.345035 0.024920 0.034788
