0 0.048047 0.465278 0.019531 0.075000
13 0.042969 0.387500 0.009375 0.016667
15 0.926562 0.376389 0.009375 0.016667
6 0.048828 0.481250 0.039844 0.045833
1 0.636328 0.420139 0.064844 0.054167
1 0.266016 0.836806 0.211719 0.284722
2 0.152734 0.560417 0.075781 0.140278
1 0.204687 0.422222 0.045312 0.061111
1 0.232422 0.371528 0.030469 0.040278
1 0.281641 0.525694 0.071094 0.115278
4 0.249219 0.453472 0.054688 0.098611
1 0.278125 0.390278 0.039062 0.066667
1 0.577734 0.643056 0.121094 0.175000
1 0.982031 0.840972 0.035937 0.190278
4 0.507422 0.377778 0.061719 0.058333
12 0.926953 0.399306 0.019531 0.062500
12 0.900391 0.395833 0.019531 0.058333
