0 0.048297 0.465368 0.019458 0.076067
13 0.043259 0.386827 0.009382 0.016698
15 0.926511 0.376314 0.009382 0.016698
6 0.048992 0.481756 0.040306 0.045764
1 0.587735 0.404143 0.058721 0.048856
2 0.259382 0.829004 0.203266 0.296228
1 0.173558 0.467532 0.059416 0.082870
1 0.221508 0.390229 0.035094 0.049474
2 0.402884 0.666667 0.285268 0.379716
4 0.253301 0.525356 0.075052 0.140383
1 0.269632 0.417130 0.047950 0.082251
4 0.507297 0.368584 0.034746 0.056895
12 0.926685 0.399196 0.019458 0.062461
12 0.899931 0.395795 0.019458 0.058132
1 0.301425 0.336425 0.021890 0.034632
