0 0.048238 0.465528 0.019580 0.075901
13 0.043076 0.387097 0.009256 0.016445
15 0.926664 0.376344 0.009256 0.016445
6 0.048950 0.481973 0.040228 0.045541
1 0.534888 0.385832 0.048772 0.044276
2 0.146137 0.562935 0.149163 0.247944
1 0.205055 0.419987 0.043432 0.060721
1 0.695265 0.869386 0.331791 0.253637
4 0.349947 0.762176 0.193663 0.290955
1 0.263439 0.465528 0.061944 0.113852
4 0.487718 0.355471 0.034888 0.051866
12 0.926842 0.399431 0.019580 0.062619
12 0.900142 0.395952 0.019580 0.058191
1 0.315415 0.367173 0.030616 0.046173
