0 0.048238 0.465528 0.019580 0.075901
13 0.043076 0.387097 0.009256 0.016445
15 0.926664 0.376344 0.009256 0.016445
6 0.048950 0.481973 0.040228 0.045541
1 0.556960 0.392157 0.053756 0.045541
2 0.566750 0.982290 0.217871 0.035421
2 0.157707 0.530044 0.148095 0.212524
1 0.213599 0.405123 0.039160 0.056293
1 0.506230 0.769133 0.234247 0.246679
4 0.282841 0.624605 0.112852 0.195446
1 0.264329 0.442125 0.053756 0.097407
4 0.496084 0.360215 0.035244 0.052498
12 0.926842 0.399431 0.019580 0.062619
12 0.900142 0.395952 0.019580 0.058191
1 0.309541 0.351360 0.026700 0.038583
