0 0.048238 0.465528 0.019580 0.075901
13 0.043076 0.387097 0.009256 0.016445
15 0.926664 0.376344 0.009256 0.016445
6 0.048950 0.481973 0.040228 0.045541
1 0.548238 0.390259 0.052688 0.045541
2 0.158063 0.522770 0.137415 0.249842
1 0.210573 0.408918 0.042364 0.056293
1 0.563368 0.813093 0.268067 0.273877
4 0.298683 0.662555 0.133855 0.223276
1 0.263439 0.448767 0.055536 0.100569
4 0.494482 0.359583 0.035600 0.052498
12 0.926842 0.399431 0.019580 0.062619
12 0.900142 0.395952 0.019580 0.058191
1 0.310965 0.356104 0.029548 0.041746
