0 0.048238 0.465528 0.019580 0.075901
13 0.043076 0.387097 0.009256 0.016445
15 0.926664 0.376344 0.009256 0.016445
6 0.048950 0.481973 0.040228 0.045541
1 0.576540 0.399747 0.057316 0.048071
2 0.352795 0.883302 0.284799 0.227071
1 0.163581 0.481657 0.063724 0.090449
1 0.218939 0.394371 0.037024 0.049968
1 0.398718 0.678052 0.165895 0.187223
1 0.265219 0.561670 0.162335 0.185958
1 0.267889 0.424099 0.049484 0.085389
4 0.504094 0.365275 0.034888 0.055028
12 0.926842 0.399431 0.019580 0.062619
12 0.900142 0.395952 0.019580 0.058191
1 0.303667 0.340607 0.024208 0.034788
