0 0.048238 0.465528 0.019580 0.075901
13 0.043076 0.387097 0.009256 0.016445
15 0.926664 0.376344 0.009256 0.016445
6 0.048950 0.481973 0.040228 0.045541
1 0.578676 0.399747 0.057316 0.048071
2 0.331257 0.875079 0.268067 0.249842
1 0.165717 0.479760 0.063724 0.090449
1 0.219651 0.393106 0.037024 0.049968
1 0.411534 0.649905 0.254183 0.268817
4 0.259701 0.545857 0.081524 0.148008
1 0.268957 0.421569 0.049484 0.085389
4 0.505162 0.365275 0.034888 0.055028
12 0.926842 0.399431 0.019580 0.062619
12 0.900142 0.395952 0.019580 0.058191
1 0.303667 0.340607 0.024208 0.034788
