0 0.048238 0.465528 0.019580 0.075901
13 0.043076 0.387097 0.009256 0.016445
15 0.926664 0.376344 0.009256 0.016445
6 0.048950 0.481973 0.040228 0.045541
1 0.543254 0.388678 0.051976 0.043643
1 0.150943 0.567679 0.128159 0.219481
1 0.208259 0.412713 0.042008 0.056293
1 0.609470 0.848830 0.292631 0.285895
4 0.313457 0.702404 0.151299 0.242252
1 0.263439 0.454459 0.056248 0.104364
4 0.491456 0.358001 0.034532 0.051866
12 0.926842 0.399431 0.019580 0.062619
12 0.900142 0.395952 0.019580 0.058191
1 0.311499 0.358634 0.030616 0.041746
