0 0.048238 0.465528 0.019580 0.075901
13 0.043076 0.387097 0.009256 0.016445
15 0.926664 0.376344 0.009256 0.016445
6 0.048950 0.481973 0.040228 0.045541
1 0.558740 0.393738 0.055180 0.046173
2 0.532752 0.968691 0.275187 0.062619
2 0.154681 0.501265 0.124956 0.163820
1 0.214311 0.402910 0.038448 0.053131
1 0.484514 0.753321 0.222143 0.236559
4 0.279459 0.610373 0.108224 0.187223
1 0.265041 0.438963 0.053756 0.097407
4 0.497508 0.360215 0.035244 0.052498
12 0.926842 0.399431 0.019580 0.062619
12 0.900142 0.395952 0.019580 0.058191
1 0.308651 0.349146 0.026344 0.039216
