0 0.048238 0.465528 0.019580 0.075901
13 0.043076 0.387097 0.009256 0.016445
15 0.926664 0.376344 0.009256 0.016445
6 0.048950 0.481973 0.040228 0.045541
1 0.541474 0.388046 0.050552 0.043643
2 0.121752 0.547122 0.106088 0.221379
1 0.207547 0.413662 0.042008 0.056926
1 0.631185 0.851992 0.304023 0.285895
4 0.321645 0.713156 0.162691 0.262492
1 0.263083 0.458254 0.056248 0.104364
4 0.490388 0.356736 0.034532 0.051866
12 0.926842 0.399431 0.019580 0.062619
12 0.900142 0.395952 0.019580 0.058191
1 0.313635 0.362429 0.030616 0.046806
