0 0.048244 0.465152 0.019434 0.075758
13 0.043130 0.386970 0.009206 0.016364
15 0.926696 0.376364 0.009547 0.016970
6 0.048926 0.481515 0.039891 0.045455
1 0.547392 0.390303 0.052847 0.046061
2 0.140300 0.555152 0.176952 0.269091
1 0.209683 0.411818 0.042278 0.056364
1 0.582168 0.826970 0.279236 0.285455
4 0.304466 0.675455 0.141834 0.235758
1 0.263382 0.452121 0.055574 0.100606
4 0.490965 0.357879 0.035459 0.052727
12 0.926696 0.399091 0.019775 0.062424
12 0.900102 0.395758 0.019775 0.058182
1 0.311285 0.358485 0.030685 0.041818
