0 0.048238 0.465528 0.019580 0.075901
13 0.043076 0.387097 0.009256 0.016445
15 0.926664 0.376344 0.009256 0.016445
6 0.048950 0.481973 0.040228 0.045541
1 0.545746 0.390259 0.052688 0.045541
1 0.137415 0.542378 0.178711 0.239722
1 0.209683 0.411765 0.042008 0.056926
1 0.590246 0.831752 0.283375 0.285895
4 0.307227 0.684061 0.145247 0.242252
1 0.263439 0.454459 0.056248 0.104364
4 0.491100 0.358318 0.035244 0.052498
12 0.926842 0.399431 0.019580 0.062619
12 0.900142 0.395952 0.019580 0.058191
1 0.311499 0.358634 0.030616 0.041746
