0 0.048238 0.465528 0.019580 0.075901
13 0.043076 0.387097 0.009256 0.016445
15 0.926664 0.376344 0.009256 0.016445
6 0.048950 0.481973 0.040228 0.045541
1 0.572624 0.398798 0.057316 0.047438
2 0.382520 0.896268 0.296547 0.201139
1 0.160733 0.485452 0.065860 0.090449
1 0.218583 0.396268 0.037024 0.049968
1 0.424172 0.700822 0.221787 0.223909
4 0.263617 0.562619 0.087220 0.149905
1 0.267889 0.426629 0.049484 0.085389
4 0.502848 0.364643 0.035956 0.055028
12 0.926842 0.399431 0.019580 0.062619
12 0.900142 0.395952 0.019580 0.058191
1 0.305091 0.342505 0.024208 0.034788
