1 0.382422 0.213889 0.071094 0.061111
1 0.543750 0.195833 0.064062 0.055556
1 0.600391 0.186806 0.050781 0.043056
1 0.346484 0.210417 0.061719 0.056944
1 0.715625 0.170139 0.026562 0.034722
1 0.438672 0.213194 0.091406 0.081944
12 0.968359 0.856944 0.063281 0.219444
17 0.546094 0.027778 0.026562 0.052778
12 0.458594 0.034028 0.065625 0.037500
1 0.493750 0.192361 0.028125 0.048611
1 0.658594 0.179861 0.042188 0.034722
1 0.692969 0.174306 0.025000 0.034722
12 0.596094 0.045139 0.064062 0.034722
2 0.169141 0.345139 0.169531 0.259722
