3 0.226172 0.354167 0.296094 0.277778
1 0.382422 0.213194 0.071094 0.062500
1 0.543750 0.196528 0.064062 0.054167
1 0.600000 0.186806 0.051562 0.043056
1 0.348047 0.208333 0.064844 0.052778
1 0.438281 0.212500 0.092188 0.083333
12 0.968359 0.856944 0.063281 0.219444
17 0.546094 0.027778 0.026562 0.052778
12 0.460156 0.032639 0.065625 0.043056
1 0.494141 0.188194 0.027344 0.048611
1 0.657813 0.179167 0.042188 0.036111
1 0.691406 0.174306 0.028125 0.034722
1 0.715234 0.168750 0.025781 0.034722
12 0.595703 0.045139 0.063281 0.037500
