1 0.162109 0.360417 0.261719 0.273611
1 0.382422 0.213194 0.071094 0.062500
1 0.543750 0.196528 0.064062 0.054167
1 0.600000 0.186806 0.051562 0.043056
1 0.346875 0.210417 0.060937 0.056944
1 0.438281 0.212500 0.092188 0.083333
12 0.968359 0.856944 0.063281 0.219444
17 0.546094 0.027778 0.026562 0.052778
12 0.460156 0.032639 0.065625 0.043056
1 0.493750 0.192361 0.028125 0.048611
1 0.658594 0.179861 0.042188 0.034722
1 0.692969 0.174306 0.025000 0.034722
1 0.716406 0.168750 0.023438 0.034722
2 0.595703 0.045139 0.063281 0.037500
