2 0.43101517832856134 0.25793954662990437 0.09137506484985351 0.07332988315680716
1 0.11424034833908081 0.34121929804484047 0.08768830299377442 0.09457963307698568
1 0.3839968204498291 0.25659542083740233 0.07825698852539062 0.061010954115125866
1 0.5332310199737549 0.2401317172580295 0.07067241668701171 0.05345870123969184
0 0.9238760963518662 0.5133667459560848 0.02954890844436036 0.14960137060089299
0 0.950385856472559 0.5403417505382517 0.031157650824711162 0.1470446321288773
1 0.6723262310028076 0.22012759314643013 0.03915796279907226 0.037399843004014756
0 0.900622150251347 0.5657832925803455 0.03284520729619929 0.133278910211364
1 0.4965062618255615 0.22993161943223742 0.06307897567749024 0.05869174533420139
0 0.6830637368790115 0.6684026177921775 0.06042538130083963 0.17358588642877637
2 0.6117790086894273 0.22417602534362133 0.053717517852783205 0.04863056616117299
1 0.3604380369186401 0.24733623928493922 0.07052559852600097 0.05513432820638021
0 0.5480215395050589 0.5749735243944863 0.03936194181732121 0.14916062704462799
4 0.128125 0.706944 0.171875 0.330556
4 0.5715413570404053 0.2135506060332863 0.061815071105957034 0.05547803243001302
0 0.8339939913570642 0.5618878755459942 0.04900146266626578 0.1724767430364835
0 0.5508330664193344 0.4708207579241278 0.024099367139826567 0.134761986985299
1 0.7116230487823486 0.21259994506835939 0.030019283294677734 0.03648846944173177
0 0.9605127024994541 0.44239706885147284 0.02249278033166919 0.10024355056648787
12 0.9702153249531102 0.8890175187758077 0.05956935009377949 0.2219649624483846
17 0.5500300555239891 0.06781056549680883 0.028918562546831984 0.06138640666026905
17 0.463675732076799 0.0763761106121952 0.06024757032336673 0.04140013472436748
15 0.20622047857832002 0.18344542455452495 0.011246107657101318 0.01855868108333715
0 0.8982574636833572 0.48109811731420155 0.023296073735748015 0.11135208650002279
0 0.20742541868443812 0.28765955679172583 0.01526257467749464 0.06424158836539791
0 0.1913592680941314 0.25196978547761595 0.012049966078646652 0.049965679839753835
0 0.17127721550089808 0.2548249671827447 0.013655987869337324 0.049965679839753835
0 0.23473739442311267 0.20842826447440185 0.01044281425302267 0.0371173621666743
0 0.5315540247214463 0.42542207406419 0.027312540756141247 0.13133835843592453
13 0.6160608644579442 0.08773839211752833 0.009846643188205426 0.021387889516709314
0 0.12948540453574778 0.26816249592392283 0.009516123703014131 0.03615624545933428
0 0.2294860135718328 0.2484070349405169 0.005797178807583285 0.04023840220474303
