2 0.43101517832856134 0.25793954662990437 0.09137506484985351 0.07332988315680716
1 0.11424034833908081 0.34121929804484047 0.08768830299377442 0.09457963307698568
1 0.3839968204498291 0.25659542083740233 0.07825698852539062 0.061010954115125866
1 0.5332310199737549 0.2401317172580295 0.07067241668701171 0.05345870123969184
0 0.9499842097705198 0.5139313197658104 0.03035435742063288 0.11992040593015374
1 0.6723262310028076 0.22012759314643013 0.03915796279907226 0.037399843004014756
0 0.9195447388914421 0.5486522023495728 0.033738887988770776 0.12756854680110646
1 0.4965062618255615 0.22993161943223742 0.06307897567749024 0.05869174533420139
0 0.7224251136788661 0.7190820930582136 0.05239244726005328 0.17501347728134067
2 0.6117790086894273 0.22417602534362133 0.053717517852783205 0.04863056616117299
1 0.3604380369186401 0.24733623928493922 0.07052559852600097 0.05513432820638021
0 0.6335722870394369 0.6170874545451359 0.04177182202955742 0.1477330361920638
4 0.156250 0.596528 0.160938 0.254167
4 0.5715413570404053 0.2135506060332863 0.061815071105957034 0.05547803243001302
0 0.8102968359367436 0.5940086697286929 0.04337840883771489 0.17675951559417682
0 0.6134899519374702 0.5015139612542624 0.025705953947984046 0.1333343961327347
1 0.7116230487823486 0.21259994506835939 0.030019283294677734 0.03648846944173177
0 0.9581028222872181 0.4174142289315958 0.02249278033166882 0.07597450607289323
12 0.9702153249531102 0.8890175187758077 0.05956935009377949 0.2219649624483846
17 0.5500300555239891 0.06781056549680883 0.028918562546831984 0.06138640666026905
17 0.463675732076799 0.0763761106121952 0.06024757032336673 0.04140013472436748
0 0.8837981824099412 0.4882360715770236 0.032935594584691766 0.1227728133205381
0 0.1977858978354939 0.2855181705128792 0.01204940106118019 0.057103634102575976
0 0.1764986226274094 0.24982839919876937 0.011246107657101318 0.051393270692318235
0 0.5934076168355035 0.4496911185577848 0.02249278033166946 0.1427590852564395
1 0.3596492362486118 0.9025796318751698 0.2313490653921224 0.19484073624966072
0 0.9321844327474065 0.4432137792138193 0.025683323563941002 0.029843953325908258
0 0.11959382933826605 0.26819744027416015 0.008304916069829636 0.03633050455661497
0 0.20426511777735662 0.23310274642018491 0.009199291646580518 0.038374095437924534
0 0.23920072209289756 0.2025527070575539 0.007533488900527801 0.03519829470640127
13 0.6168227844423473 0.0889906574566886 0.012518706079707408 0.025807562499238053
0 0.23469096557813596 0.248177333396472 0.00841070358835019 0.04280354628830879
