1 0.3700920505016345 0.2791626923927609 0.0980023603150639 0.07838013545819891
0 0.9520781217566272 0.48931807324062226 0.028115834160218976 0.1063329014676967
4 0.1367353166167821 0.33202726271367633 0.11808469541703062 0.10684453495742133
1 0.5484231862070984 0.23779555415133982 0.06105086372744538 0.05547268885127592
12 0.9702209053413936 0.8890175187758078 0.059558189317212816 0.2219649624483846
17 0.5500300555239891 0.06781056549680883 0.028918562546831984 0.06138640666026905
17 0.463675732076799 0.0763761106121952 0.06024757032336673 0.04140013472436748
15 0.20680900329898888 0.18337548355620972 0.010069058215763546 0.01841879908670674
0 0.9432418943117623 0.42256689235906086 0.021689486927589992 0.0999313596795085
1 0.4560444447380519 0.24197664950966521 0.07711673180901865 0.05567604325001144
1 0.5994323173660937 0.21485242331094168 0.04418170224179317 0.04140013472436745
2 0.6640974363944263 0.3047906470224987 0.08514966584980513 0.08422786030129921
1 0.02599407249760808 0.34761837259943046 0.05198814499521616 0.07566231518591307
1 0.6612187032158681 0.20842826447440185 0.03146342030509992 0.0371173621666743
0 0.9066920444261835 0.42399448321162564 0.024099367139826293 0.09993135967950778
4 0.116406 0.664583 0.226562 0.284722
0 0.9617179251143053 0.41861913315394145 0.021688921910123986 0.06959612280270706
0 0.8337721501491672 0.4885151539753967 0.015393544197264361 0.11692903431009725
13 0.6166275755119615 0.085265559966668 0.013703663718161133 0.026152066074275476
0 0.34208925411445423 0.1983157125411119 0.008651240841715478 0.040230586141215885
