2 0.43101517832856134 0.25793954662990437 0.09137506484985351 0.07332988315680716
1 0.11424034833908081 0.34121929804484047 0.08768830299377442 0.09457963307698568
1 0.3839968204498291 0.25659542083740233 0.07825698852539062 0.061010954115125866
1 0.5332310199737549 0.2401317172580295 0.07067241668701171 0.05345870123969184
0 0.9110234018866075 0.5540530852541702 0.035975255676989525 0.16244968827397252
0 0.9343199883909857 0.5788867035574904 0.037583998057340876 0.15561017724426393
1 0.6723262310028076 0.22012759314643013 0.03915796279907226 0.037399843004014756
0 0.8540311328147844 0.5793454056797073 0.04569790176145781 0.11186504742289814
1 0.4965062618255615 0.22993161943223742 0.06307897567749024 0.05869174533420139
0 0.6179969711486395 0.6134403699684483 0.05399903406821038 0.16644793216595444
2 0.6117790086894273 0.22417602534362133 0.053717517852783205 0.04863056616117299
1 0.3604380369186401 0.24733623928493922 0.07052559852600097 0.05513432820638021
0 0.4460032771870684 0.5200112765707571 0.034542181392849244 0.13916749107667709
4 0.070312 0.786806 0.139063 0.412500
4 0.5715413570404053 0.2135506060332863 0.061815071105957034 0.05547803243001302
0 0.4632740853747598 0.42656544149463166 0.027312540756141153 0.12048607845965499
1 0.7116230487823486 0.21259994506835939 0.030019283294677734 0.03648846944173177
0 0.9585595477683724 0.471662681329043 0.023406231293977852 0.11880223164982495
12 0.9702153249531102 0.8890175187758077 0.05956935009377949 0.2219649624483846
17 0.5500300555239891 0.06781056549680883 0.028918562546831984 0.06138640666026905
17 0.463675732076799 0.0763761106121952 0.06024757032336673 0.04140013472436748
0 0.9127170274655068 0.4425531642949629 0.01526257467749464 0.04282772557693188
0 0.21867152634153936 0.28908714764429033 0.01044281425302267 0.06424158836539766
0 0.47090565522224026 0.39687025701290213 0.01365598786933762 0.06852436092309105
0 0.18011316043703002 0.26124912601928457 0.01044337927048936 0.057103634102575816
0 0.16404757486419005 0.2619629214455667 0.013655987869337324 0.049965679839753835
0 0.23473739442311267 0.20842826447440185 0.01044281425302267 0.0371173621666743
15 0.5785795804552571 0.08462269660398446 0.011407146580911078 0.020202891485184202
0 0.19287389162724 0.24807637385368433 0.012960828305171698 0.04315495467506021
