2 0.43101517832856134 0.25793954662990437 0.09137506484985351 0.07332988315680716
1 0.11424034833908081 0.34121929804484047 0.08768830299377442 0.09457963307698568
1 0.3839968204498291 0.25659542083740233 0.07825698852539062 0.061010954115125866
1 0.5332310199737549 0.2401317172580295 0.07067241668701171 0.05345870123969184
0 0.9094168150784503 0.5533392898278879 0.035975255676989525 0.163877279126537
0 0.9331150482848678 0.5845970669677479 0.033567531036947644 0.15846535894939262
1 0.6723262310028076 0.22012759314643013 0.03915796279907226 0.037399843004014756
0 0.8480064322841944 0.5800592011059895 0.03846826112474963 0.11614781998059123
1 0.4965062618255615 0.22993161943223742 0.06307897567749024 0.05869174533420139
0 0.6095623904058136 0.6027334385742152 0.04998256704781707 0.15930997790313242
2 0.6117790086894273 0.22417602534362133 0.053717517852783205 0.04863056616117299
1 0.3604380369186401 0.24733623928493922 0.07052559852600097 0.05513432820638021
0 0.43114234921161304 0.5043077771925487 0.033738887988770595 0.1277467642561619
4 0.083984 0.834028 0.161719 0.331944
4 0.5715413570404053 0.2135506060332863 0.061815071105957034 0.05547803243001302
0 0.873472512875755 0.5076394231485473 0.028350123597892185 0.13535938086980884
0 0.4496180975054226 0.4215688735106562 0.024099367139826567 0.12762403272247702
1 0.7116230487823486 0.21259994506835939 0.030019283294677734 0.03648846944173177
0 0.9561496675561363 0.47451786303417176 0.023406231293977852 0.11880223164982495
12 0.9702153249531102 0.8890175187758077 0.05956935009377949 0.2219649624483846
17 0.5500300555239891 0.06781056549680883 0.028918562546831984 0.06138640666026905
17 0.463675732076799 0.0763761106121952 0.06024757032336673 0.04140013472436748
0 0.9159302010818214 0.4411255734423985 0.01526257467749464 0.04282772557693188
0 0.22027811314969664 0.29194232934941905 0.01526257467749464 0.06424158836539791
0 0.4604628409692177 0.4104323701122639 0.023295508718281555 0.11849004076284507
0 0.18011316043703002 0.26124912601928457 0.01044337927048936 0.057103634102575816
0 0.20943365219463467 0.26124912601928457 0.012852694465258654 0.04282772557693188
0 0.15922781443971806 0.26339051229813115 0.013655987869337324 0.049965679839753835
0 0.23473739442311267 0.20842826447440185 0.01044281425302267 0.0371173621666743
0 0.14634028830890297 0.27811035720456245 0.012020425022240721 0.03640321786915137
0 0.19380870140693524 0.25140739798916706 0.010793851040379407 0.03487733448541446
15 0.579060105801285 0.0851653530934515 0.011815899974098997 0.022110642290643318
