2 0.42298224428777476 0.2607947283350332 0.09137506484985351 0.07332988315680716
1 0.10055354771855954 0.34692966145509807 0.08441350387509176 0.09457963307698568
1 0.3745179727405495 0.26080062513033475 0.07793564224606195 0.060855817585604204
1 0.5332310199737549 0.2401317172580295 0.07067241668701171 0.05345870123969184
0 0.9295859064424254 0.4762493837894101 0.02490266054390567 0.12390473525473428
0 0.9483776229623622 0.49108986612478006 0.025534596996160824 0.12563076934041129
1 0.6723262310028076 0.22012759314643013 0.03915796279907226 0.037399843004014756
0 0.9287826130383466 0.5293797258399534 0.029722420968377183 0.11757541083315586
1 0.4965062618255615 0.22993161943223742 0.06307897567749024 0.05869174533420139
0 0.785081999197002 0.7811822951447648 0.07970442299872761 0.1821514315441627
2 0.6117790086894273 0.22417602534362133 0.053717517852783205 0.04863056616117299
1 0.34999522266561744 0.24733623928493922 0.07052559852600097 0.05513432820638021
0 0.6934176456432974 0.664911748106043 0.04418170224179317 0.16914689898052998
4 0.257422 0.462500 0.185156 0.225000
4 0.5715413570404053 0.2135506060332863 0.061815071105957034 0.05547803243001302
0 0.7954359079612883 0.6168501233697233 0.049001462666265504 0.17961469729930574
0 0.6665073166066624 0.5314933691581147 0.04659158245402938 0.14475512295324988
1 0.7116230487823486 0.21259994506835939 0.030019283294677734 0.03648846944173177
12 0.9702153249531102 0.8890175187758077 0.05956935009377949 0.2219649624483846
17 0.5500300555239891 0.06781056549680883 0.028918562546831984 0.06138640666026905
17 0.463675732076799 0.0763761106121952 0.06024757032336673 0.04140013472436748
15 0.20712427813656348 0.18269548992142828 0.009438508540614444 0.017058811817143787
0 0.8693389011365253 0.4910912532821524 0.031329007776534475 0.11706244991028049
0 0.1925775896971918 0.2817022061618427 0.011732340997370978 0.05535664607716325
0 0.6488348617169316 0.4768153447565083 0.038558648413242566 0.1456142669615686
1 0.37370687081998843 0.8397656343623363 0.20644696986568375 0.3204687312753276
0 0.9596697896988469 0.3951766160671472 0.015554942059290231 0.06469222319352433
13 0.6155029726547782 0.08804432798362323 0.010882833672937157 0.024866577570932295
0 0.20628221502328495 0.2324727837795965 0.007447268432906587 0.04175574466462677
0 0.2034501551966867 0.24216608164817058 0.010384219364193674 0.04436547870616594
0 0.1856070473791966 0.2432038551613095 0.010174437154816045 0.043060611685396356
0 0.16525817306956453 0.2587690546233467 0.009335308317305436 0.0354178191351745
0 0.10954092888902993 0.267067765870108 0.009125526107927806 0.03784114360231804
