2 0.43101517832856134 0.25793954662990437 0.09137506484985351 0.07332988315680716
1 0.11102717472276616 0.34121929804484047 0.08768830299377442 0.09457963307698568
1 0.3809443199731788 0.25651785257264154 0.07793564224606195 0.060855817585604204
1 0.5332310199737549 0.2401317172580295 0.07067241668701171 0.05345870123969184
0 0.9299875531444648 0.4626872706900486 0.025705953947983952 0.07964941882523785
0 0.9499842097705196 0.5075071609292707 0.028747770612475586 0.11563763337246041
1 0.6723262310028076 0.22012759314643013 0.03915796279907226 0.037399843004014756
0 0.9259710861240711 0.5372314755290576 0.027312540756141063 0.12471336509597762
1 0.4965062618255615 0.22993161943223742 0.06307897567749024 0.05869174533420139
0 0.745318975695108 0.7447787284043725 0.06765502193754783 0.17501347728134084
2 0.6117790086894273 0.22417602534362133 0.053717517852783205 0.04863056616117299
1 0.3556182764941681 0.24590864843237478 0.07052559852600097 0.05513432820638021
0 0.6600809693740327 0.6349323402021908 0.06105086372744519 0.14630544533949966
4 0.158984 0.562500 0.130469 0.236111
4 0.5715413570404053 0.2135506060332863 0.061815071105957034 0.05547803243001302
0 0.802665548597996 0.6132811462383123 0.04578828904995065 0.18960783326725644
0 0.6391953408679876 0.5172174606324709 0.05301792968665865 0.15046548636350734
1 0.7116230487823486 0.21259994506835939 0.030019283294677734 0.03648846944173177
0 0.9577011755851789 0.41027627466877387 0.0168697265031183 0.07882968777802209
12 0.9702153249531102 0.8890175187758077 0.05956935009377949 0.2219649624483846
17 0.5500300555239891 0.06781056549680883 0.028918562546831984 0.06138640666026905
17 0.463675732076799 0.0763761106121952 0.06024757032336673 0.04140013472436748
15 0.20711911040284403 0.18296504928130378 0.009448844008053335 0.01759793053689488
0 0.8809866554956661 0.4918050487084346 0.028919127564298534 0.12134522246797363
0 0.19457272421917926 0.2855181705128792 0.01204940106118019 0.057103634102575976
0 0.1805150896478027 0.248400808346205 0.011246107657101318 0.051393270692318235
0 0.6114817184272735 0.46396702708342874 0.036148768201006626 0.14275908525643966
1 0.36687887688531984 0.8775967919552927 0.21688978411870635 0.2448064160894146
13 0.6159537531257593 0.08718466706420196 0.015396059556764555 0.02787770564790314
0 0.16156564576205412 0.26160264667429006 0.010937815597519402 0.03718647336024943
0 0.20071734650269918 0.2434138414360621 0.009352624931212222 0.04253907179846709
0 0.11545866467720375 0.2678206272423571 0.008310047339043034 0.03815166545064648
0 0.20534780706013964 0.23654468607822843 0.00663097226078567 0.03965537655690782
