11 0.2246957739194234 0.6695225750958478 0.22096990744272868 0.39234828242549186
2 0.5149359703063965 0.4877213372124566 0.10204334259033203 0.11934978343822338
4 0.758854 0.559259 0.215625 0.281481
1 0.29298760096232096 0.45739476239239735 0.07220706939697266 0.09701286598488136
1 0.2992139180501302 0.3836304558648003 0.05264015197753907 0.06827793827763311
1 0.18468391100565593 0.44626844900625723 0.0603327751159668 0.07981191564489294
3 0.7512417793273926 0.32739091096100986 0.1400667190551758 0.11220550537109375
1 0.32031613985697427 0.347175372088397 0.04307355880737305 0.056352855541087966
1 0.13341117699941 0.32203841032805264 0.030692148208618163 0.04623622187861689
1 0.21525154113769532 0.36770926581488717 0.047504488627115884 0.07017008463541667
1 0.3399563471476237 0.30815936900951246 0.03035221099853516 0.03495508829752604
1 0.18883709907531737 0.2884610776548032 0.0309663454691569 0.023771384910300928
1 0.28930843671162926 0.2980579658790871 0.030505720774332685 0.03125279744466146
17 0.6253234950558755 0.3723272617603868 0.015423202374025587 0.030243232060868236
4 0.4993358144233627 0.29199023263198093 0.0976802817021619 0.0776052747222278
17 0.38623204783900944 0.19755146081926997 0.03470277035788918 0.02567821590073712
1 0.06699965005525162 0.29236740964443436 0.02115335047826424 0.023148148148148147
1 0.09645368236675879 0.2890387520276722 0.023830989779310353 0.023148148148148147
1 0.13835873742813035 0.2885632295109919 0.027847448730879503 0.023148148148148147
1 0.26487719440255886 0.2895142745443525 0.023830989779310374 0.023148148148148147
1 0.23917185711251623 0.29189188712775405 0.022224406198682704 0.023148148148148147
1 0.21373428375257822 0.29284293216111473 0.021688878338473442 0.023148148148148147
1 0.3219848940614453 0.2795770046679491 0.0162953477463663 0.023148148148148147
1 0.33756103236165386 0.27509350665353466 0.013020833333333334 0.023148148148148147
