2 0.43101517832856134 0.25793954662990437 0.09137506484985351 0.07332988315680716
1 0.1077831883552675 0.3426468888974049 0.08441350387509176 0.09457963307698568
1 0.3809443199731788 0.25651785257264154 0.07793564224606195 0.060855817585604204
1 0.5332310199737549 0.2401317172580295 0.07067241668701171 0.05345870123969184
0 0.927979319634268 0.48195974719966783 0.02490266054390567 0.12390473525473428
0 0.951590796578677 0.4982278203876021 0.025534596996160824 0.12563076934041129
1 0.6723262310028076 0.22012759314643013 0.03915796279907226 0.037399843004014756
0 0.9263727328261107 0.5400866572341864 0.02811583416021989 0.121858183390849
1 0.4965062618255615 0.22993161943223742 0.06307897567749024 0.05869174533420139
0 0.764598017392996 0.753344273519759 0.05319574066413174 0.17215829557621182
2 0.6117790086894273 0.22417602534362133 0.053717517852783205 0.04863056616117299
1 0.3556182764941681 0.24590864843237478 0.07052559852600097 0.05513432820638021
0 0.6753435440515274 0.6406427036124483 0.04016523522139977 0.13773990022411325
4 0.210938 0.525000 0.145313 0.238889
4 0.5715413570404053 0.2135506060332863 0.061815071105957034 0.05547803243001302
0 0.802665548597996 0.6132811462383123 0.04578828904995065 0.18960783326725644
0 0.6500398018230497 0.5172174606324709 0.028115834160219982 0.15046548636350734
1 0.7116230487823486 0.21259994506835939 0.030019283294677734 0.03648846944173177
0 0.9568978821811001 0.403852115832234 0.013656552886803716 0.06027100669468499
12 0.9702153249531102 0.8890175187758077 0.05956935009377949 0.2219649624483846
17 0.5500300555239891 0.06781056549680883 0.028918562546831984 0.06138640666026905
17 0.463675732076799 0.0763761106121952 0.06024757032336673 0.04140013472436748
0 0.8809866554956661 0.4918050487084346 0.028919127564298534 0.12134522246797363
0 0.1937694308151006 0.28266298880775037 0.01204940106118019 0.057103634102575976
0 0.18332661656207802 0.2434032518142393 0.008836227444865334 0.041402111820348066
0 0.6267442931047681 0.4661084133622753 0.023296073735747925 0.13847631269874658
1 0.3708953439057131 0.8647484742822132 0.20725026326976242 0.2705030514355737
13 0.6162451214734755 0.08735451275567149 0.010806851730130131 0.02127393795738786
0 0.20653001622031675 0.2328744983122673 0.0065416082250929946 0.043637992138049905
0 0.20131565748139066 0.24265417964443287 0.008816950216429673 0.044311937962575765
0 0.11378572372575695 0.2685116005130455 0.008816950216429696 0.03673004743665975
