3 0.387077576677215 0.5555739791304976 0.3419708257751212 0.4179913556134259
4 0.851562 0.569907 0.114583 0.141667
3 0.19454868882044848 0.4168555404008133 0.110099267156239 0.1798784245190944
1 0.9483037944958849 0.3608620326786933 0.06618963803669535 0.054885358437644874
11 0.46346031811158156 0.32334833955784564 0.0879903739924762 0.10992647274343859
12 0.09177658955256145 0.4974619264955874 0.02940436204274495 0.12655532271773726
1 0.7496950822150142 0.29265513622771094 0.01677592993069805 0.034264157557526057
5 0.9869390259480336 0.5594596017683118 0.022918805229251507 0.12308483819440107
1 0.9749214770669443 0.34932540860837874 0.03383990140062201 0.06082751634750127
3 0.14115371284794806 0.3726012125193076 0.051410777861034616 0.11135208650002248
17 0.9588223287659925 0.3076458287276274 0.013020833333333334 0.027124226198723473
17 0.07287377350126148 0.37117362166674295 0.036951496587618614 0.0885106328589929
17 0.19457244171044596 0.16203156176605896 0.18877451497595316 0.11849004076284486
12 0.9501536751717349 0.31335619213788496 0.013020833333333334 0.04711049813462507
15 0.9504718174572039 0.3005078744648054 0.007229640636707812 0.015703499378208356
1 0.2977959266432879 0.3447631908943017 0.06265688551813606 0.027124226198723518
3 0.10420221626032942 0.3561839177148168 0.02409880212235997 0.08422786030129954
2 0.4098553565122619 0.3019354653173698 0.023295508718281097 0.04140013472436757
2 0.3845516142837838 0.29979407903852323 0.04177125701209063 0.03711736216667422
0 0.9188257974301338 0.38473573476610484 0.013020833333333334 0.0670967700705263
1 0.3676824527981318 0.27409744369236405 0.030525149354989227 0.025696635346159135
5 0.3588462253532665 0.29908028361224104 0.014459281273415945 0.032834589608981016
1 0.32751778259419856 0.28123539795518615 0.03534490977946124 0.025696635346159014
1 0.6765473541227117 0.4032934273014516 0.10202108740532471 0.07851947398702228
