2 0.43101517832856134 0.25793954662990437 0.09137506484985351 0.07332988315680716
1 0.11424034833908081 0.34121929804484047 0.08768830299377442 0.09457963307698568
1 0.3839968204498291 0.25659542083740233 0.07825698852539062 0.061010954115125866
1 0.5332310199737549 0.2401317172580295 0.07067241668701171 0.05345870123969184
0 0.9238760963518662 0.521218495645189 0.02954890844436036 0.15388414315858603
0 0.9479759762603228 0.5474797048010738 0.02633789040023929 0.14133426871861968
1 0.6723262310028076 0.22012759314643013 0.03915796279907226 0.037399843004014756
0 0.8986139167411504 0.5657832925803455 0.025615566659491294 0.133278910211364
1 0.4965062618255615 0.22993161943223742 0.06307897567749024 0.05869174533420139
0 0.6698093957117134 0.6648336406607664 0.058015501088603615 0.16930311387108313
2 0.6117790086894273 0.22417602534362133 0.053717517852783205 0.04863056616117299
1 0.3604380369186401 0.24733623928493922 0.07052559852600097 0.05513432820638021
0 0.5331606115296036 0.5692631609842288 0.04659158245402911 0.15487099045488556
4 0.089063 0.727778 0.154688 0.327778
4 0.5715413570404053 0.2135506060332863 0.061815071105957034 0.05547803243001302
0 0.8452400990141656 0.5533223304306079 0.039361941817321486 0.1639111979210971
0 0.5387836653581545 0.4679655762189991 0.024099367139826567 0.134761986985299
1 0.7116230487823486 0.21259994506835939 0.030019283294677734 0.03648846944173177
0 0.9605127024994541 0.44667984140916617 0.02249278033166919 0.10024355056648787
12 0.9702153249531102 0.8890175187758077 0.05956935009377949 0.2219649624483846
17 0.5500300555239891 0.06781056549680883 0.028918562546831984 0.06138640666026905
17 0.463675732076799 0.0763761106121952 0.06024757032336673 0.04140013472436748
15 0.20622047857832002 0.18344542455452495 0.011246107657101318 0.01855868108333715
0 0.8982574636833572 0.48109811731420155 0.023296073735748015 0.11135208650002279
0 0.20903200549259543 0.2890871476442902 0.01526257467749464 0.06424158836539791
0 0.1889493878818954 0.2533973763301804 0.012049966078646652 0.049965679839753835
0 0.16967062869274074 0.2576801488878736 0.013655987869337324 0.049965679839753835
0 0.23473739442311267 0.20842826447440185 0.01044281425302267 0.0371173621666743
0 0.528341133613865 0.4090047792596996 0.017672454889730668 0.1099244956474585
0 0.13105898730732976 0.2668898292783119 0.008752027316948267 0.03700746294152486
0 0.19949874740765 0.23859362100502896 0.011015482657538328 0.035130272792317084
