2 0.8019070228170934 0.4092405476442399 0.08962080067855174 0.06012082689606008
0 0.08246170282656858 0.4911606913248365 0.021813440322875976 0.10171217817032017
4 0.27847327015343215 0.5018785997593758 0.14575549562808837 0.21275841479184762
12 0.1869395911693573 0.06482168833414713 0.14840818643569947 0.12463588714599609
1 0.05808934071203692 0.3186745306260655 0.025663244470188945 0.047863017526406544
3 0.17457789278726465 0.33123712244180115 0.11438123263607389 0.11883040809550936
4 0.17964832138808418 0.4036863106028008 0.08712574734490783 0.1349736537567512
4 0.05891372609552714 0.27426642592338885 0.029262772361432505 0.05308342720024219
17 0.13573508959172467 0.21911695645473014 0.01953125 0.03732965483371735
3 0.4591865927210311 0.4478208557131268 0.24473313475602304 0.24821538890055386
4 0.744531 0.502083 0.264062 0.231944
17 0.0845832903849451 0.1521408711291139 0.08172620823192897 0.05644245524075062
0 0.025195969957928242 0.4709019987972755 0.01953125 0.10643836212945165
17 0.6802014174267242 0.15578635981996516 0.01953125 0.036594558892354814
13 0.6672993418015162 0.1853359273174868 0.009375 0.01884145820808802
15 0.8167771685658224 0.2810757183003747 0.009375 0.016666666666666666
17 0.10998556497919762 0.311495193896184 0.01953125 0.034722222222222224
1 0.29587594870573086 0.2893200107960582 0.041852268923505825 0.041308321242294034
1 0.10182457635725746 0.3471018154580013 0.03282054607871723 0.05948369026450072
1 0.2560918412237404 0.28457895167930286 0.035174052498001755 0.034722222222222224
1 0.08396660689362448 0.3113251057402125 0.034432040622634094 0.04228753809049965
3 0.023411387127024022 0.31114517652760687 0.046822774254048044 0.08802931460404463
1 0.430357273351848 0.32287662676268813 0.058325969122786446 0.034722222222222224
1 0.27719070058529005 0.3477693674534989 0.062017386490988924 0.06910862771248032
1 0.37262209597623586 0.30577124466683253 0.05045064611379505 0.034722222222222224
3 0.0836664412676611 0.2506077006641077 0.03700514464535672 0.0518965223165301
1 0.5026536095728578 0.3454836326082423 0.06853174424015714 0.05115216396467568
1 0.2487027448566393 0.325296805814948 0.035760487881263556 0.05151493930703423
1 0.328802822805682 0.3015722121539527 0.04202398514511901 0.034722222222222224
1 0.31401031355002895 0.32708720218932147 0.05926508319648714 0.04058193938456601
1 0.3170665174126904 0.3733106846364729 0.04177173811265091 0.052171613258640476
0 0.022698970186746815 0.48966157340792565 0.020447427389806625 0.08689093259340336
12 0.4994215677591775 0.05064314802645375 0.31810354896427734 0.1012862960529075
