1 0.34518995497519583 0.2848730558030186 0.0980023603150639 0.07838013545819891
0 0.9504715349484698 0.485035300682929 0.028115834160218976 0.1063329014676967
4 0.10741510736791078 0.3427341941079094 0.11728140201295194 0.10541694410485686
1 0.5355704917418398 0.23922314500390418 0.06105086372744538 0.05547268885127592
12 0.9702209053413936 0.8890175187758078 0.059558189317212816 0.2219649624483846
17 0.5500300555239891 0.06781056549680883 0.028918562546831984 0.06138640666026905
17 0.463675732076799 0.0763761106121952 0.06024757032336673 0.04140013472436748
15 0.20699752248625156 0.18398374450284508 0.009692019841238306 0.019635320979977385
0 0.9432418943117623 0.42442755504527935 0.021689486927589992 0.09621003430707155
1 0.44078187006055725 0.2434042403622296 0.07711673180901865 0.05567604325001144
1 0.593809263537543 0.21485242331094168 0.04418170224179317 0.04140013472436745
2 0.6841797714963928 0.2962251019071123 0.0739035581927038 0.07566231518591282
1 0.02438748568945075 0.35047355430455923 0.0487749713789015 0.0728071334807843
1 0.6604828985848055 0.20842826447440185 0.032935029567225306 0.0371173621666743
0 0.9066920444261835 0.42744912705275045 0.024099367139826293 0.09302207199725802
4 0.183984 0.604861 0.249219 0.270833
0 0.9617179251143053 0.4150885716899931 0.021688921910123986 0.07043057759288303
0 0.8335146518188962 0.4889447654134233 0.014834084991422464 0.11908679749294836
13 0.6156084963303046 0.08464365930999514 0.014051187607515402 0.028092805372972537
0 0.3404330041546772 0.19945865212909636 0.010167769177056113 0.03564694227081295
