4 0.381250 0.576852 0.351042 0.412963
4 0.841146 0.510185 0.297917 0.344444
3 0.194531 0.416667 0.109896 0.179630
1 0.952083 0.361574 0.064583 0.047222
11 0.427083 0.319907 0.082292 0.102778
12 0.091667 0.500463 0.029167 0.126852
1 0.749740 0.293056 0.017188 0.034259
1 0.974740 0.349074 0.033854 0.061111
3 0.141146 0.372685 0.051042 0.112037
17 0.958594 0.307870 0.013021 0.026852
17 0.072656 0.371296 0.036979 0.088889
17 0.193750 0.159722 0.188542 0.102778
12 0.950260 0.313426 0.013021 0.047222
15 0.950521 0.300463 0.007292 0.015741
1 0.297917 0.344907 0.062500 0.026852
3 0.104167 0.356019 0.023958 0.084259
2 0.378646 0.299537 0.028125 0.034259
0 0.920573 0.380556 0.013021 0.064815
1 0.367708 0.274074 0.030208 0.025926
5 0.358854 0.299074 0.014583 0.033333
1 0.327604 0.281481 0.035417 0.025926
1 0.611979 0.383796 0.094792 0.076852
1 0.736458 0.399074 0.115625 0.061111
2 0.488542 0.306944 0.054167 0.045370
1 0.987240 0.503704 0.021354 0.094444
