2 0.43101517832856134 0.25793954662990437 0.09137506484985351 0.07332988315680716
1 0.11424034833908081 0.34121929804484047 0.08768830299377442 0.09457963307698568
1 0.3839968204498291 0.25659542083740233 0.07825698852539062 0.061010954115125866
1 0.5332310199737549 0.2401317172580295 0.07067241668701171 0.05345870123969184
0 0.9282942100742986 0.5048012008406983 0.022319267807652362 0.14389100719063552
0 0.951590796578677 0.5267796374388901 0.03035435742063288 0.13419631445579774
1 0.6723262310028076 0.22012759314643013 0.03915796279907226 0.037399843004014756
0 0.9146797848227234 0.5536487703335482 0.027222153467648592 0.12899613765367077
1 0.4965062618255615 0.22993161943223742 0.06307897567749024 0.05869174533420139
0 0.7019411318748602 0.7048061845325696 0.04998256704781716 0.18357902239672702
2 0.6117790086894273 0.22417602534362133 0.053717517852783205 0.04863056616117299
1 0.3604380369186401 0.24733623928493922 0.07052559852600097 0.05513432820638021
0 0.6042520777905656 0.6006701597406454 0.04739487585810803 0.14916062704462826
4 0.141406 0.616667 0.156250 0.327778
4 0.5715413570404053 0.2135506060332863 0.061815071105957034 0.05547803243001302
0 0.819133063381609 0.5840155337607423 0.05141134287850163 0.18246987900443443
0 0.5837680959865597 0.4872380527286184 0.035345474796928164 0.13047921442760593
1 0.7116230487823486 0.21259994506835939 0.030019283294677734 0.03648846944173177
0 0.9601110557974147 0.4309763420309577 0.026509247352062233 0.09167800545110147
12 0.9702153249531102 0.8890175187758077 0.05956935009377949 0.2219649624483846
17 0.5500300555239891 0.06781056549680883 0.028918562546831984 0.06138640666026905
17 0.463675732076799 0.0763761106121952 0.06024757032336673 0.04140013472436748
15 0.20707344785930593 0.1830653406767062 0.009540169095129494 0.01931884883897466
0 0.891831116450728 0.48109811731420155 0.023296073735748015 0.11135208650002279
0 0.20220401155792653 0.28409057966031487 0.014459281273416266 0.054248452397447126
0 0.22951570478786804 0.2491146037724872 0.01124667267456787 0.04425531642949619
0 0.17489203581925203 0.24982839919876937 0.011246107657101318 0.051393270692318235
0 0.23554068782719137 0.20557308276927314 0.01044281425302267 0.0371173621666743
0 0.567300581202947 0.4411255734423985 0.03936194181732139 0.1370487218461821
1 0.3556327692282185 0.9304176535001754 0.1976107424208184 0.1391646929996493
13 0.6159859289802191 0.08789118762757085 0.013791167885774062 0.02450928268543695
0 0.12416576312566911 0.2682335460506513 0.01044769438186049 0.03669782891144658
0 0.19450732673397234 0.24221412787007277 0.008753713746305306 0.036510993997482914
