2 0.43101517832856134 0.25793954662990437 0.09137506484985351 0.07332988315680716
1 0.11424034833908081 0.34121929804484047 0.08768830299377442 0.09457963307698568
1 0.3839968204498291 0.25659542083740233 0.07825698852539062 0.061010954115125866
1 0.5332310199737549 0.2401317172580295 0.07067241668701171 0.05345870123969184
0 0.8941542404009553 0.5626186303695565 0.04722136333409076 0.15673932486371497
0 0.9238771741379633 0.5967315892145454 0.04240375848181257 0.16560331321221455
1 0.6723262310028076 0.22012759314643013 0.03915796279907226 0.037399843004014756
0 0.8327438576066998 0.5772040194008607 0.04328802154922205 0.11900300168572008
1 0.4965062618255615 0.22993161943223742 0.06307897567749024 0.05869174533420139
0 0.5902833487079254 0.5934540980325468 0.03873645939071584 0.16644793216595427
2 0.6117790086894273 0.22417602534362133 0.053717517852783205 0.04863056616117299
1 0.3604380369186401 0.24733623928493922 0.07052559852600097 0.05513432820638021
0 0.39961540152479047 0.48503530068292944 0.026102963803493355 0.13202953681385507
4 0.082422 0.781944 0.157031 0.386111
4 0.5715413570404053 0.2135506060332863 0.061815071105957034 0.05547803243001302
0 0.8726692194716759 0.5119221957062405 0.03156329721420713 0.1553456528057103
0 0.43416156340807727 0.41157573754270554 0.0357333936366289 0.1304792144276057
1 0.7116230487823486 0.21259994506835939 0.030019283294677734 0.03648846944173177
0 0.9568536758422852 0.48279168870713973 0.021998214721679687 0.12963951958550346
12 0.9702153249531102 0.8890175187758077 0.05956935009377949 0.2219649624483846
17 0.5500300555239891 0.06781056549680883 0.028918562546831984 0.06138640666026905
17 0.463675732076799 0.0763761106121952 0.06024757032336673 0.04140013472436748
15 0.20702377198239869 0.1855868108333715 0.00963952084894398 0.0171310902307727
0 0.9199466681022148 0.43541521003214095 0.01526257467749464 0.04282772557693188
0 0.22349128676601135 0.29051473849685466 0.01526257467749464 0.06424158836539791
0 0.4415854459733691 0.3925874844552089 0.01927904169788805 0.11706244991028052
0 0.17850685613760603 0.26410430772441335 0.012049401061179986 0.057103634102575816
0 0.20943365219463467 0.26124912601928457 0.012852694465258654 0.04282772557693188
0 0.15681793422748208 0.2669594894295421 0.015262574677494613 0.05710363410257586
0 0.1901546104967467 0.25625255803530916 0.00963952084894398 0.04996567983975389
15 0.5781330081357503 0.08471808844309325 0.011255899429828572 0.026534970796566828
0 0.23574292326554575 0.21180327877394634 0.008621764867826332 0.037693011526805785
