1 0.39218261911379787 0.2741661244087856 0.09398589329467054 0.07695254460563448
2 0.009928204416034762 0.4232796992373536 0.019856408832069523 0.08422983739727934
0 0.9520781217566272 0.49502843665087987 0.029722420968376635 0.11489844658308307
4 0.171094 0.329167 0.117188 0.141667
4 0.5595221353864491 0.23636796329877538 0.05813200706663184 0.05547268885127592
12 0.9702209053413936 0.8890175187758078 0.059558189317212816 0.2219649624483846
17 0.5500300555239891 0.06781056549680883 0.028918562546831984 0.06138640666026905
17 0.463675732076799 0.0763761106121952 0.06024757032336673 0.04140013472436748
0 0.9424386009076837 0.42970484662188285 0.021689486927589992 0.0999313596795085
1 0.4708063700310511 0.2369800815256898 0.07329827015353714 0.051393270692318194
1 0.6066619580028016 0.21342483245837726 0.04418170224179317 0.04140013472436745
2 0.6412035743781842 0.31549757841673165 0.08916613287019845 0.08851063285899241
1 0.02880559941188341 0.34547698632058393 0.05761119882376682 0.07137954262821991
1 0.6669092458174349 0.20700067362183744 0.032935029567225306 0.0371173621666743
0 0.9066920444261835 0.42399448321162564 0.024099367139826293 0.09993135967950778
1 0.0757985460592187 0.6716805075835582 0.1515970921184374 0.20700265071781804
0 0.8338700995828757 0.4878337334642587 0.01362863647429086 0.11224104649862182
0 0.9615712816945416 0.4235690270006844 0.019557060050903467 0.06823074142416218
0 0.9501591193860399 0.3846939696428761 0.01878092587310822 0.05316681149934718
13 0.6165931904549358 0.08642770108804942 0.01248592648920186 0.02324629342440112
0 0.233597326658349 0.20742939679409828 0.008098859545187173 0.0368051348933087
0 0.3446082684476187 0.19815629306632782 0.007804242836941805 0.037970556840922806
