15 0.926562 0.377778 0.009375 0.016667
15 0.042969 0.368056 0.009375 0.016667
9 0.157812 0.540972 0.265625 0.218056
12 0.898047 0.395833 0.019531 0.069444
12 0.924219 0.397917 0.020313 0.062500
4 0.706250 0.425000 0.092188 0.100000
1 0.317578 0.364583 0.032031 0.048611
4 0.677734 0.595833 0.246094 0.161111
0 0.738672 0.481944 0.019531 0.075000
0 0.702734 0.481250 0.019531 0.079167
0 0.714063 0.487500 0.023438 0.077778
1 0.662109 0.719444 0.260156 0.208333
1 0.450391 0.345139 0.025781 0.034722
4 0.386719 0.550694 0.098437 0.184722
