1 0.1573628249852991 0.35303989391271934 0.11740807785209388 0.10407677080435788
0 0.9532830618627461 0.46790421045215613 0.025705953947983768 0.09776735635231047
1 0.4359621096360852 0.2627385573846994 0.0771167318090188 0.07125586160251894
12 0.9702209053413936 0.8890175187758078 0.059558189317212816 0.2219649624483846
17 0.5500300555239891 0.06781056549680883 0.028918562546831984 0.06138640666026905
17 0.463675732076799 0.0763761106121952 0.06024757032336673 0.04140013472436748
15 0.20622047857832002 0.18344542455452495 0.011246107657101318 0.01855868108333715
1 0.30101249004633807 0.27980780710262165 0.09961629171415884 0.06852436092309105
1 0.5335622582316432 0.22627315013145685 0.05703439670705206 0.04996567983975381
2 0.7737469860511639 0.2641043077244134 0.049001462666264865 0.05139327069231811
1 0.5769401020518911 0.20557308276927308 0.04418170224179326 0.03711736216667426
0 0.906692044426183 0.44540834600009155 0.025705953947983768 0.09993135967950793
1 0.6212865573174848 0.21342483245837743 0.03808599109169836 0.0385449530192384
4 0.619922 0.376389 0.164844 0.186111
1 0.009928204416034762 0.35832530399366347 0.019856408832069523 0.06566917921796209
0 0.835205061113169 0.49014361047139626 0.015409088580685232 0.11842953270314721
0 0.9403639855610899 0.4151026753351678 0.020818479814437147 0.08215381998326438
13 0.6153723766889823 0.0869021987260867 0.013218686855068875 0.02396172291247725
0 0.24763598455070643 0.20027364830295166 0.006560584415321776 0.037177734233791435
0 0.2300585697021084 0.20566331983388594 0.008541138201079337 0.03607780126829466
