1 0.6752111383828333 0.407685994579349 0.0753422213934489 0.07362998365314583
0 0.08246170282656858 0.4911606913248365 0.021813440322875976 0.10171217817032017
4 0.27847327015343215 0.5018785997593758 0.14575549562808837 0.21275841479184762
12 0.1869395911693573 0.06482168833414713 0.14840818643569947 0.12463588714599609
1 0.061109549190726184 0.3186745306260655 0.02524587004500724 0.047863017526406544
3 0.195320811814841 0.3284255580928465 0.12123021352425105 0.10654996416407564
4 0.17964832138808418 0.406720772145377 0.08712574734490783 0.14104257684190366
4 0.05891372609552714 0.27426642592338885 0.029262772361432505 0.05308342720024219
17 0.13573508959172467 0.21911695645473014 0.01953125 0.03732965483371735
4 0.558594 0.502083 0.259375 0.326389
3 0.8822864513523632 0.5380634650495035 0.2354270972952738 0.2787826420688927
17 0.0845832903849451 0.1521408711291139 0.08172620823192897 0.05644245524075062
0 0.025195969957928242 0.4709019987972755 0.01953125 0.10643836212945165
17 0.6802014174267242 0.15578635981996516 0.01953125 0.036594558892354814
13 0.6672993418015162 0.1853359273174868 0.009375 0.01884145820808802
15 0.8167771685658224 0.2810757183003747 0.009375 0.016666666666666666
17 0.10998556497919762 0.311495193896184 0.01953125 0.034722222222222224
1 0.29587594870573086 0.2893200107960582 0.041852268923505825 0.041308321242294034
1 0.10971195202125827 0.3513625332415532 0.02463484658595578 0.060872288081399786
1 0.08533244964925799 0.31275167329025344 0.030737391811390475 0.04228753809049965
3 0.02886336491107907 0.3151984383655686 0.051301525532310724 0.0875764329797223
1 0.4329308106377976 0.327722552755602 0.06347304369468562 0.03994790936232561
1 0.2820357159651773 0.3457934680776904 0.05928921791393442 0.06325473889414208
1 0.3729128035053901 0.31271422179296504 0.055785663299601405 0.04416886863803452
3 0.07659516636287862 0.24963950914085847 0.025004706276628662 0.04805804920331048
1 0.328802822805682 0.3015722121539527 0.04202398514511901 0.034722222222222224
1 0.3328191269025082 0.3810155654874565 0.07004913063996202 0.07148812334749499
1 0.3214916693967852 0.325656200000646 0.051410674580085226 0.04208374272620803
1 0.3789111480462824 0.34998085725705164 0.059354097932127384 0.048575620002614915
0 0.017446493570878536 0.6854657077946767 0.03373825519318094 0.172614673554955
1 0.3860960268835588 0.40733589782304513 0.043377756676946974 0.09034927816926015
2 0.7361777109986589 0.4032618626676258 0.08086470689159242 0.07350117391690983
0 0.02137523373696502 0.48856317640554314 0.01968064886268888 0.08916047187755945
12 0.5014297972349622 0.050643148026453755 0.31730025717396354 0.10128629605290751
