2 0.430859 0.257639 0.091406 0.073611
1 0.114062 0.341667 0.087500 0.094444
1 0.383984 0.256944 0.078906 0.061111
1 0.533203 0.240278 0.071094 0.052778
0 0.892969 0.570833 0.042188 0.158333
0 0.917578 0.608333 0.041406 0.169444
1 0.672656 0.220139 0.039062 0.037500
0 0.824609 0.577083 0.046094 0.112500
1 0.496484 0.229861 0.063281 0.059722
0 0.582031 0.590972 0.042188 0.165278
2 0.611719 0.224306 0.053125 0.048611
1 0.360156 0.247222 0.070312 0.055556
0 0.389844 0.477083 0.029687 0.137500
4 0.071484 0.804167 0.139844 0.391667
4 0.571484 0.215278 0.061719 0.055556
0 0.875781 0.503472 0.029687 0.137500
0 0.419922 0.401389 0.024219 0.125000
1 0.711719 0.212500 0.029687 0.036111
0 0.957031 0.482639 0.021875 0.129167
12 0.970313 0.888889 0.059375 0.222222
17 0.550391 0.068056 0.028906 0.061111
17 0.463672 0.076389 0.060156 0.041667
0 0.919922 0.435417 0.014844 0.043056
0 0.226953 0.290278 0.016406 0.063889
0 0.436328 0.384722 0.032031 0.119444
0 0.178516 0.264583 0.011719 0.056944
0 0.204687 0.263194 0.012500 0.043056
0 0.156641 0.267361 0.014844 0.056944
0 0.235547 0.213889 0.008594 0.038889
0 0.191406 0.254861 0.009375 0.037500
15 0.578516 0.085417 0.011719 0.026389
