1 0.23926895260810851 0.40773646036783856 0.08523739576339721 0.08268305460611979
1 0.5002135217109223 0.39284417016023904 0.08874826431274414 0.0845536126030816
1 0.5893397331237793 0.36971316867404513 0.08155345916748047 0.058364952935112846
1 0.4312376379966736 0.4084329817030165 0.0728466272354126 0.08335444132486979
4 0.3530632495880127 0.3887120670742459 0.1026611328125 0.13584524790445965
1 0.26228932142404177 0.3752291878400096 0.07416276931762696 0.08027640448676215
1 0.44882974624633787 0.3352188958062066 0.06253795623779297 0.04843309190538195
1 0.5076868057250976 0.3473239050971137 0.07143526077270508 0.05916900634765624
12 0.18533419523830352 0.06990180995200658 0.1445930872728213 0.12839107950368556
17 0.08487682187973221 0.15198884794985396 0.08318589263549728 0.05959882209059971
17 0.1356589936444931 0.22066322350047304 0.021009734916847232 0.04499576377016286
3 0.17403334697492617 0.35688579111663865 0.07595175622535408 0.12205077928128137
1 0.22602614937739834 0.34071802554950786 0.042842228816737694 0.06118389714620071
12 0.5006262229364824 0.053496283126535656 0.31569423860966744 0.10699256625307131
1 0.25905455927765264 0.29082029402249654 0.03962962667181401 0.037724786323305115
1 0.2954015120392005 0.2945850278760401 0.0431992473902105 0.04430691007633887
5 0.9740161161158024 0.42133996578440264 0.04980465601578889 0.06657315233524437
17 0.6810026372975474 0.15856780151019467 0.019546766897636604 0.039468368884466296
5 0.8022855084774054 0.3867296317830027 0.031109300243062937 0.05576582241069168
1 0.28316512470815497 0.3577975619461277 0.03802247807485468 0.05769673202387844
1 0.5137283653339855 0.3651210343879487 0.0658963695380235 0.06414668164208506
1 0.7911955132599519 0.46694188315184193 0.09243727914809294 0.10557001666420941
4 0.623437 0.679861 0.282813 0.406944
1 0.10339871513445853 0.9400960891876333 0.20242953115908563 0.11980782162473351
1 0.3836540704053274 0.31300451868736673 0.0578056920440703 0.06235162256089469
