3 0.43016343116760253 0.38434411508065686 0.13363885879516602 0.1676508585611979
2 0.5288669268290201 0.49637680488980984 0.10915050506591797 0.12369355638068108
1 0.29299447536468504 0.4593603911223236 0.07190518379211426 0.09982350667317709
4 0.270573 0.744444 0.127604 0.287037
3 0.7513050715128581 0.3272243499755859 0.1402533213297526 0.11316661128291376
1 0.3044528643290202 0.38680716620551214 0.05315291086832683 0.0671293470594618
3 0.8315375645955404 0.6062900401927807 0.3344425201416016 0.42025457311559605
1 0.1849391222000122 0.44916041338885276 0.060810518264770505 0.08531949078595197
1 0.3256844043731689 0.3504364296242043 0.04488096237182617 0.05952877468532986
1 0.13556270202000936 0.32477330808286314 0.031539289156595866 0.047497586850766785
1 0.21702502568562826 0.36970015631781683 0.049120521545410155 0.07147852579752605
1 0.31309730211893716 0.3742965133101852 0.06572561264038086 0.0830596923828125
1 0.33540143966674807 0.30702941329390915 0.029836336771647137 0.035147942437065975
17 0.6248416894865867 0.37176507245884644 0.015423202374025587 0.03309636716095004
4 0.5020619778650784 0.2916651413063004 0.09960818199891522 0.08331154492239151
17 0.3868719126912356 0.19814137405294574 0.03534483877380858 0.02567821590073712
1 0.07269453306873587 0.29220480339329064 0.021528219980410677 0.023148148148148147
1 0.10032777065553165 0.28821041425317595 0.02281348684491283 0.023148148148148147
1 0.14434816076472964 0.28992229531322516 0.029882454599674542 0.023148148148148147
1 0.21343125473171923 0.29163417637327427 0.022170853412661746 0.023148148148148147
1 0.19399159340612446 0.2859279061731105 0.0244200704255405 0.023148148148148147
1 0.23929696787165886 0.2910635493532579 0.022492735145118972 0.023148148148148147
1 0.28604883257608965 0.29717891289969156 0.030525088031925624 0.034237621200982844
1 0.2641992958795534 0.2900460751494869 0.023456120277163886 0.023395707820671588
15 0.8887017770253771 0.19705905559390197 0.008262430023334448 0.02323267203567041
