1 0.696683026907621 0.4158685007711402 0.07276613032524024 0.074778275502958
0 0.08246170282656858 0.4911606913248365 0.021813440322875976 0.10171217817032017
4 0.27847327015343215 0.5018785997593758 0.14575549562808837 0.21275841479184762
12 0.1869395911693573 0.06482168833414713 0.14840818643569947 0.12463588714599609
1 0.061109549190726184 0.3186745306260655 0.02524587004500724 0.047863017526406544
3 0.1916074000453702 0.3171874960622893 0.11540997356593694 0.09073115533648561
4 0.17964832138808418 0.406720772145377 0.08712574734490783 0.14104257684190366
4 0.05891372609552714 0.27426642592338885 0.029262772361432505 0.05308342720024219
17 0.1357350895917247 0.22244561407149238 0.01953125 0.03732965483371735
4 0.539844 0.483333 0.268750 0.266667
3 0.8621925287589514 0.5251113359966844 0.2743304311251471 0.26857062701370443
17 0.0845832903849451 0.1521408711291139 0.08172620823192897 0.05644245524075062
0 0.025195969957928242 0.4709019987972755 0.01953125 0.10643836212945165
17 0.6802014174267242 0.15578635981996516 0.01953125 0.036594558892354814
13 0.6672993418015162 0.1853359273174868 0.009375 0.01884145820808802
15 0.8167771685658224 0.2810757183003747 0.009375 0.016666666666666666
17 0.10998556497919762 0.311495193896184 0.01953125 0.034722222222222224
1 0.29587594870573086 0.2893200107960582 0.041852268923505825 0.041308321242294034
1 0.10852222143263054 0.3513625332415532 0.02934670863287301 0.060872288081399786
1 0.08533244964925799 0.31275167329025344 0.030737391811390475 0.04228753809049965
3 0.02886336491107907 0.3151984383655686 0.051301525532310724 0.0875764329797223
1 0.4329308106377976 0.32287662676268813 0.06347304369468562 0.034722222222222224
1 0.2785547848738173 0.3477693674534989 0.05928921791393442 0.06910862771248032
1 0.3729128035053901 0.3116043948338519 0.055785663299601405 0.04638852255626089
3 0.07878329636600978 0.24914490130857772 0.02938096628289099 0.047068833538748946
1 0.5023997081615004 0.33726866173701553 0.06903954706287234 0.034722222222222224
1 0.3328191269025082 0.37836104941018095 0.07004913063996202 0.0682377502018005
1 0.3214916693967852 0.326924744685983 0.051410674580085226 0.039546653355534075
1 0.37487249538773526 0.35045637977373195 0.04699256973335918 0.048575620002614915
0 0.014747935212793006 0.6818992889195745 0.02949587042558601 0.17404124110499605
1 0.37685647624595486 0.40732116529872187 0.021688878338473463 0.07513255763549001
0 0.022609005416587172 0.4872569798202728 0.01927900296753196 0.08916047187755945
12 0.5017868001135369 0.052604678407760036 0.3183043719118558 0.10520935681552007
