1 0.18533456756354133 0.34126289447931224 0.11406822839663726 0.10264917995179358
0 0.9524797684586673 0.4734984735126977 0.025705953947983952 0.10171766151161384
1 0.45202797771765846 0.26206459864493453 0.0722969713845468 0.06689341567179108
12 0.9702209053413936 0.8890175187758078 0.059558189317212816 0.2219649624483846
17 0.5500300555239891 0.06781056549680883 0.028918562546831984 0.06138640666026905
17 0.463675732076799 0.0763761106121952 0.06024757032336673 0.04140013472436748
15 0.20622047857832002 0.18344542455452495 0.011246107657101318 0.01855868108333715
1 0.3239026797671113 0.2748112391186463 0.09237930648651348 0.0699519517756554
1 0.5440050724846658 0.22341796842632805 0.05703439670705206 0.04996567983975381
2 0.7600909981818267 0.26838708028210656 0.049001462666264865 0.05139327069231811
1 0.5930059701334643 0.20271790106414428 0.04418170224179326 0.03711736216667426
0 0.9074667187243938 0.4437454534973755 0.02725530254440503 0.10325714468494021
1 0.6293194913582715 0.211997241605813 0.03808599109169836 0.0385449530192384
4 0.586719 0.395833 0.160938 0.175000
1 0.0117500998964782 0.3540425314359703 0.0235001997929564 0.05995881580770458
0 0.8342641182816666 0.4887569573444823 0.017823568531229968 0.11626791492895061
0 0.9414733029478191 0.42433464476375987 0.01831011434127465 0.0939682138265507
13 0.6154972929060425 0.08679684279156874 0.01159286573270669 0.027185883641638518
0 0.32652216359231667 0.20066466090241958 0.011897875736209752 0.03511509970378308
0 0.22855388137572805 0.20376506655934115 0.006214683894125079 0.03790293753931573
