4 0.701042 0.531481 0.215625 0.314815
1 0.45945219993591313 0.449066628350152 0.08167638778686523 0.09774517483181422
1 0.293315060933431 0.4585838317871094 0.07260462443033854 0.09712473551432294
3 0.3915095806121826 0.36386133829752604 0.11203546524047853 0.14115075005425348
1 0.49657158851623534 0.33445053100585936 0.05596799850463867 0.0487405847620081
3 0.7479854901631673 0.3255366290057147 0.13317330678304037 0.11557668050130207
1 0.2703060309092204 0.361828867594401 0.04574607213338216 0.05603078206380208
1 0.1872214953104655 0.4493164768925419 0.059892527262369794 0.08692047684280961
11 0.1546541929244995 0.6044884293167679 0.15697951316833497 0.33112549958405674
1 0.2020505666732788 0.35281961229112413 0.0419370174407959 0.06036131117078993
1 0.28574438095092775 0.3280274567780671 0.03746713002522786 0.049550487377025464
1 0.11944371461868285 0.3091096524839048 0.027275586128234865 0.038934580485026044
4 0.48068560198795734 0.2859773537275601 0.060408107647931794 0.07361490354329207
1 0.3128169059753418 0.3042922125922309 0.03231627146402995 0.033952614113136576
1 0.13242340882619225 0.2907353012650101 0.02842570940653483 0.023968873200593172
17 0.3862187699552166 0.1963909205655779 0.03534483877380858 0.02681946994076989
1 0.3293771340230471 0.27910207892328065 0.013020833333333334 0.023148148148148147
1 0.3008565223017815 0.2922265003836574 0.02281348684491283 0.023148148148148147
1 0.28077422754393566 0.2813845870033461 0.02249217012878728 0.023148148148148147
1 0.26422641666347074 0.29222650038365733 0.023456120277163886 0.023148148148148147
1 0.23932437116374192 0.2946327882999847 0.02249217012878728 0.024536961860704313
1 0.213137058799511 0.2927971274036738 0.022170853412661774 0.023148148148148147
1 0.20478282418024715 0.2859496031634772 0.025384020573917067 0.023148148148148147
1 0.10482089352777199 0.2876277333496225 0.02152821998041069 0.023148148148148147
1 0.07766963101516448 0.2893396144096716 0.019279002967531964 0.023148148148148147
