2 0.43101517832856134 0.25793954662990437 0.09137506484985351 0.07332988315680716
1 0.11424034833908081 0.34121929804484047 0.08768830299377442 0.09457963307698568
1 0.3839968204498291 0.25659542083740233 0.07825698852539062 0.061010954115125866
1 0.5332310199737549 0.2401317172580295 0.07067241668701171 0.05345870123969184
0 0.9282942100742986 0.5048012008406983 0.022319267807652362 0.14389100719063552
0 0.951590796578677 0.5267796374388901 0.03035435742063288 0.13419631445579774
1 0.6723262310028076 0.22012759314643013 0.03915796279907226 0.037399843004014756
0 0.9146797848227234 0.5536487703335482 0.027222153467648592 0.12899613765367077
1 0.4965062618255615 0.22993161943223742 0.06307897567749024 0.05869174533420139
0 0.7119822994258435 0.7105165479428271 0.050785860451895995 0.17786865898646945
2 0.6117790086894273 0.22417602534362133 0.053717517852783205 0.04863056616117299
1 0.3604380369186401 0.24733623928493922 0.07052559852600097 0.05513432820638021
0 0.6126866585333917 0.6106632957085961 0.059444276919288 0.15487099045488578
4 0.160938 0.577083 0.165625 0.320833
4 0.5715413570404053 0.2135506060332863 0.061815071105957034 0.05547803243001302
0 0.8151165963612155 0.5932948743024108 0.051411342878501534 0.18675265156212761
0 0.5982273772599757 0.49651739327028704 0.044984995645872 0.1347619869852991
1 0.7116230487823486 0.21259994506835939 0.030019283294677734 0.03648846944173177
0 0.9601110557974147 0.4309763420309577 0.026509247352062233 0.09167800545110147
12 0.9702153249531102 0.8890175187758077 0.05956935009377949 0.2219649624483846
17 0.5500300555239891 0.06781056549680883 0.028918562546831984 0.06138640666026905
17 0.463675732076799 0.0763761106121952 0.06024757032336673 0.04140013472436748
15 0.20622047857832002 0.18344542455452495 0.011246107657101318 0.01855868108333715
0 0.891831116450728 0.48109811731420155 0.023296073735748015 0.11135208650002279
0 0.19979413134569052 0.2826629888077504 0.014459281273416266 0.054248452397447126
0 0.17489203581925203 0.24982839919876937 0.011246107657101318 0.051393270692318235
0 0.5765384553498516 0.45040491398406696 0.04016523522140004 0.14133149440387527
1 0.3608541763547298 0.9161417449745316 0.20002062263305445 0.167716510050937
13 0.6162940108193428 0.0888796369442224 0.01256198439223338 0.02452361648101181
0 0.12217329356375635 0.2685789983677212 0.012186281651696985 0.03873879782516738
0 0.15795976855500735 0.2640035498056935 0.011671368342470349 0.035078438975545224
0 0.23365957038152563 0.24809637112558913 0.01098481726350154 0.043619276291330174
