2 0.43101517832856134 0.25793954662990437 0.09137506484985351 0.07332988315680716
1 0.11424034833908081 0.34121929804484047 0.08768830299377442 0.09457963307698568
1 0.3839968204498291 0.25659542083740233 0.07825698852539062 0.061010954115125866
1 0.5332310199737549 0.2401317172580295 0.07067241668701171 0.05345870123969184
0 0.9222695095437086 0.5269288590554466 0.032762082060674755 0.1510289614534573
0 0.9447628026440084 0.5531900682113313 0.031157650824711346 0.14418945042374853
1 0.6723262310028076 0.22012759314643013 0.03915796279907226 0.037399843004014756
0 0.8897776892962852 0.570779860564321 0.032041913892120466 0.12043059253828446
1 0.4965062618255615 0.22993161943223742 0.06307897567749024 0.05869174533420139
0 0.6641863418831626 0.6484163458562759 0.04516280662334492 0.17644106813390514
2 0.6117790086894273 0.22417602534362133 0.053717517852783205 0.04863056616117299
1 0.3604380369186401 0.24733623928493922 0.07052559852600097 0.05513432820638021
0 0.5178980368521089 0.5628390021476889 0.04498499564587182 0.15915376301257886
4 0.085156 0.714583 0.157812 0.420833
4 0.5715413570404053 0.2135506060332863 0.061815071105957034 0.05547803243001302
0 0.8460433924182442 0.5518947395780435 0.039361941817321486 0.1639111979210971
0 0.5255293241908564 0.46082762195617716 0.02650924735206251 0.12619644186991263
1 0.7116230487823486 0.21259994506835939 0.030019283294677734 0.03648846944173177
0 0.9605127024994541 0.44667984140916617 0.02249278033166919 0.10024355056648787
12 0.9702153249531102 0.8890175187758077 0.05956935009377949 0.2219649624483846
17 0.5500300555239891 0.06781056549680883 0.028918562546831984 0.06138640666026905
17 0.463675732076799 0.0763761106121952 0.06024757032336673 0.04140013472436748
15 0.20702377198239869 0.18415921998080725 0.009639520848943933 0.017131090230772462
0 0.9066923269349167 0.4475497322789383 0.02088562850604516 0.05282086154488257
0 0.20903200549259543 0.2890871476442902 0.01526257467749464 0.06424158836539791
0 0.1889493878818954 0.2533973763301804 0.012049966078646652 0.049965679839753835
0 0.16726074848050473 0.2576801488878736 0.013655987869337324 0.049965679839753835
0 0.23473739442311267 0.20842826447440185 0.01044281425302267 0.0371173621666743
15 0.5782373052217981 0.08525544178888887 0.009631671048075063 0.017117139781462374
0 0.1521240941063405 0.27247941664944875 0.012124940708928358 0.03583281174272873
0 0.13284680073203306 0.26812137197803576 0.009808940798234168 0.03825394767129149
0 0.19769479823147013 0.24330472871026754 0.009808940798234193 0.038496061264147785
