2 0.43101517832856134 0.25793954662990437 0.09137506484985351 0.07332988315680716
1 0.11102717472276616 0.34121929804484047 0.08768830299377442 0.09457963307698568
1 0.3839968204498291 0.25659542083740233 0.07825698852539062 0.061010954115125866
1 0.5332310199737549 0.2401317172580295 0.07067241668701171 0.05345870123969184
0 0.9323974333567004 0.44341479418042934 0.030525714372456193 0.02968373898548388
0 0.9499842097705198 0.5139313197658104 0.03035435742063288 0.11992040593015374
1 0.6723262310028076 0.22012759314643013 0.03915796279907226 0.037399843004014756
0 0.9195447388914421 0.5486522023495728 0.033738887988770776 0.12756854680110646
1 0.4965062618255615 0.22993161943223742 0.06307897567749024 0.05869174533420139
0 0.7312613411237314 0.7376407741415507 0.0636385549171545 0.17786865898646928
2 0.6117790086894273 0.22417602534362133 0.053717517852783205 0.04863056616117299
1 0.3604380369186401 0.24733623928493922 0.07052559852600097 0.05513432820638021
0 0.6476299216108136 0.6199426362502648 0.04739487585810803 0.1448778544869351
4 0.163281 0.564583 0.132812 0.259722
4 0.5715413570404053 0.2135506060332863 0.061815071105957034 0.05547803243001302
0 0.8030671953000355 0.6025742148440794 0.053017929686658735 0.18818024241469206
0 0.626342646402729 0.5129346880747777 0.044984995645872 0.15046548636350734
1 0.7116230487823486 0.21259994506835939 0.030019283294677734 0.03648846944173177
0 0.9581028222872181 0.4174142289315958 0.02249278033166882 0.07597450607289323
12 0.9702153249531102 0.8890175187758077 0.05956935009377949 0.2219649624483846
17 0.5500300555239891 0.06781056549680883 0.028918562546831984 0.06138640666026905
17 0.463675732076799 0.0763761106121952 0.06024757032336673 0.04140013472436748
0 0.8837981824099412 0.4882360715770236 0.032935594584691766 0.1227728133205381
0 0.1977858978354939 0.2855181705128792 0.01204940106118019 0.057103634102575976
0 0.1805150896478027 0.248400808346205 0.011246107657101318 0.051393270692318235
0 0.601038904174251 0.4525463002629136 0.0393619418173213 0.14561426696156843
1 0.36205911646084776 0.8883037233495256 0.22331613135133574 0.22339255330094876
0 0.20513399116639994 0.234977208350955 0.007775686115436954 0.038964300888191895
0 0.1986967428249316 0.24324579545804223 0.010962442720124262 0.044627716714964016
0 0.15960944391996285 0.26330683686942086 0.007775686115436978 0.03533971475905779
0 0.1184261032497379 0.2688740829161824 0.010070150870811813 0.03601932465827039
13 0.6164150502053105 0.08841895373996589 0.012107757766790949 0.026103284931733268
