2 0.43101517832856134 0.25793954662990437 0.09137506484985351 0.07332988315680716
1 0.11424034833908081 0.34121929804484047 0.08768830299377442 0.09457963307698568
1 0.3839968204498291 0.25659542083740233 0.07825698852539062 0.061010954115125866
1 0.5332310199737549 0.2401317172580295 0.07067241668701171 0.05345870123969184
0 0.9166464557151581 0.539063381302244 0.02954890844436036 0.1496013706008929
0 0.9379348087093398 0.5660383858844108 0.036780704653262046 0.15275499553913507
1 0.6723262310028076 0.22012759314643013 0.03915796279907226 0.037399843004014756
0 0.8733101745126721 0.5764902239745785 0.03605838091251388 0.1175754108331557
1 0.4965062618255615 0.22993161943223742 0.06307897567749024 0.05869174533420139
0 0.6348661326342915 0.631285255625503 0.04596610002742375 0.17644106813390537
2 0.6117790086894273 0.22417602534362133 0.053717517852783205 0.04863056616117299
1 0.3604380369186401 0.24733623928493922 0.07052559852600097 0.05513432820638021
0 0.47532348643593963 0.5335733896701189 0.04177182202955733 0.134884718518984
4 0.087891 0.781250 0.169531 0.381944
4 0.5715413570404053 0.2135506060332863 0.061815071105957034 0.05547803243001302
0 0.8596993802875813 0.5340498539209885 0.036148768201006716 0.1653387887736614
0 0.48656959409304124 0.43727237288886456 0.024099367139826387 0.11620330590196176
1 0.7116230487823486 0.21259994506835939 0.030019283294677734 0.03648846944173177
0 0.9605127024994541 0.4545315910982702 0.02088619352351171 0.10452632312418102
12 0.9702153249531102 0.8890175187758077 0.05956935009377949 0.2219649624483846
17 0.5500300555239891 0.06781056549680883 0.028918562546831984 0.06138640666026905
17 0.463675732076799 0.0763761106121952 0.06024757032336673 0.04140013472436748
0 0.9087005604451133 0.4439807551475272 0.01526257467749464 0.04282772557693188
0 0.21626164612930335 0.2933699202019834 0.01526257467749464 0.06424158836539791
0 0.1833263340533447 0.2605353305930024 0.012049966078646652 0.049965679839753835
0 0.16404757486419005 0.2619629214455667 0.013655987869337324 0.049965679839753835
0 0.23473739442311267 0.20842826447440185 0.01044281425302267 0.0371173621666743
0 0.13818984367214962 0.2673915026185586 0.008720817646993539 0.037884968666821575
0 0.1505097289194897 0.27415667559477674 0.010381925770230355 0.03616292463651155
0 0.19573278000025068 0.24610037478108032 0.010797202801039593 0.04305110075775181
