1 0.2696803749918013 0.31056969114917765 0.10764188116400794 0.08694568057358526
0 0.9504715349484698 0.48218011897780017 0.028115834160218976 0.1063329014676967
4 0.03924841366490607 0.3741411928643261 0.07849682732981214 0.09970658069459927
1 0.49781570175014245 0.2482319223858443 0.06747721096007464 0.06315176943355484
12 0.9702209053413936 0.8890175187758078 0.059558189317212816 0.2219649624483846
17 0.5500300555239891 0.06781056549680883 0.028918562546831984 0.06138640666026905
17 0.463675732076799 0.0763761106121952 0.06024757032336673 0.04140013472436748
15 0.20713612378377025 0.18340643536082948 0.009414817246200916 0.018480702695946608
0 0.9424851698937173 0.42122206262234413 0.021689486927589992 0.0999313596795085
1 0.38816615209340466 0.25625255803530916 0.08434637244572679 0.06424158836539778
1 0.5701121081172223 0.21628001416350612 0.04819816926218677 0.04425531642949619
2 0.7283609087207193 0.28052160252890396 0.05783769011113034 0.058531224955140085
1 0.6315643360379735 0.19843512850645112 0.032935029567225306 0.0371173621666743
0 0.9074953378302621 0.43309523725129223 0.024099367139826293 0.0931505784206895
1 0.6445820660357662 0.20914205990068419 0.03647940428354106 0.03568977131410971
4 0.408984 0.458333 0.178906 0.177778
0 0.9601113383061481 0.40585705269639205 0.021688921910123986 0.06651168035416945
1 0.01615333366076935 0.34262180461545516 0.0323066673215387 0.04282772557693188
0 0.8325241480591844 0.504311154049716 0.0158673499041708 0.08223967179282649
13 0.6156991329127312 0.088281064971101 0.011935419374633199 0.022175447577738146
0 0.3340624211352262 0.200597786681742 0.010527949865222022 0.039368919915633
0 0.235001479528611 0.2065296669891326 0.007882156741704515 0.037271156067912654
