4 0.713802 0.570833 0.217188 0.243519
11 0.16315242846806843 0.6137065746166088 0.16684995492299398 0.3464600739655671
3 0.3952799638112386 0.36650721232096356 0.112488587697347 0.14576483832465278
1 0.4663424015045166 0.4535493921350549 0.08298444747924805 0.10089998598451966
1 0.2934992790222168 0.4590551023130064 0.07179787953694662 0.09745285599320024
1 0.18534118334452312 0.4472297244601779 0.06155049006144205 0.08128111097547742
1 0.48624238967895506 0.33373049983271846 0.05374062856038411 0.05046197396737557
1 0.2748443126678467 0.3646720886230469 0.04676815668741862 0.05652256718388309
1 0.20391672452290852 0.3572392781575521 0.04242982864379883 0.06901363796657986
1 0.2917349338531494 0.32755420826099535 0.03675374984741211 0.04432542588975694
1 0.12218777338663737 0.3118930110224971 0.027757390340169268 0.038160140426070605
3 0.7492886861165364 0.3267330593532986 0.1359278361002604 0.11605224609375
1 0.1408976634343465 0.2902773963080512 0.029973554611206054 0.023386496084707754
1 0.30779271125793456 0.3034171069109881 0.03411035537719727 0.03760390105070891
4 0.5006262229364825 0.29244433877780535 0.10362520596681593 0.0913043411637999
17 0.38675420364603713 0.19750445067347527 0.03566615548993409 0.026248842920753506
1 0.2645153821587805 0.29090401078358563 0.025705337290042613 0.023148148148148147
1 0.23921169076389484 0.2937571458836676 0.021688878338473463 0.023148148148148147
1 0.21256917971848605 0.29328162336698727 0.02249217012878728 0.023148148148148147
1 0.2184599861807875 0.28805087568350374 0.02516980942983338 0.023148148148148147
1 0.11144865079139417 0.2885726047537429 0.024366517639519567 0.023148148148148147
1 0.07958474310894549 0.2885726047537429 0.02061782261805502 0.023148148148148147
