0 0.08246170282656858 0.4911606913248365 0.021813440322875976 0.10171217817032017
4 0.27847327015343215 0.5018785997593758 0.14575549562808837 0.21275841479184762
12 0.1869395911693573 0.06482168833414713 0.14840818643569947 0.12463588714599609
1 0.06736382998651474 0.3215368065878297 0.024901762991563055 0.04930786679981196
3 0.20005802532974273 0.3383475902595764 0.13070464055405445 0.12639402849753542
4 0.17964832138808418 0.406720772145377 0.08712574734490783 0.14104257684190366
4 0.05891372609552714 0.27426642592338885 0.029262772361432505 0.05308342720024219
17 0.13573508959172467 0.21911695645473014 0.01953125 0.03732965483371735
4 0.599219 0.530556 0.334375 0.261111
3 0.9262736335683653 0.5496332391044667 0.1474527328632693 0.25250647431842715
17 0.0845832903849451 0.1521408711291139 0.08172620823192897 0.05644245524075062
0 0.025195969957928242 0.4709019987972755 0.01953125 0.10643836212945165
17 0.6802014174267242 0.15578635981996516 0.01953125 0.036594558892354814
13 0.6672993418015162 0.1853359273174868 0.009375 0.01884145820808802
15 0.8167771685658224 0.2810757183003747 0.009375 0.016666666666666666
17 0.10998556497919762 0.311495193896184 0.01953125 0.034722222222222224
1 0.29587594870573086 0.2893200107960582 0.041852268923505825 0.041308321242294034
1 0.1134268431592432 0.35936222650870064 0.01953125 0.059251079960527066
1 0.2560918412237404 0.28457895167930286 0.035174052498001755 0.034722222222222224
1 0.09335412272540258 0.31560480839033545 0.02593843567450025 0.04228753809049965
3 0.030066748801637892 0.3151984383655686 0.05370829331342837 0.0875764329797223
1 0.4329308106377976 0.32828935161454253 0.06347304369468562 0.04554767192593102
1 0.283801188864639 0.34509710916692204 0.05318066222909187 0.061862021072605355
1 0.3729128035053901 0.3116043948338519 0.055785663299601405 0.04638852255626089
3 0.07385843822456428 0.24916649784991496 0.01953125 0.047112026621423504
1 0.4999209949674908 0.33726866173701553 0.07399697345089112 0.034722222222222224
1 0.328802822805682 0.3015722121539527 0.04202398514511901 0.034722222222222224
1 0.33643393995892046 0.38244213303749747 0.07004913063996202 0.07148812334749499
1 0.3214916693967852 0.325656200000646 0.051410674580085226 0.04208374272620803
1 0.3816251300049439 0.34998085725705164 0.06478206184945047 0.048575620002614915
0 0.02499416782519273 0.7011136085981462 0.03366031432921474 0.17660197682752843
1 0.4068540565106006 0.40868193873445613 0.07686089802789213 0.09304135999208256
2 0.7081509794467796 0.3836076698730523 0.07684670087149617 0.05020204638933379
1 0.4393152200874869 0.3706668917332937 0.05132141993671704 0.045967176612430785
12 0.49901992186402067 0.049929864251433274 0.31730025717396354 0.09985972850286655
0 0.022243885064019833 0.4927677061474338 0.02017570077997531 0.08426701342102358
