0 0.08246170282656858 0.4911606913248365 0.021813440322875976 0.10171217817032017
4 0.27847327015343215 0.5018785997593758 0.14575549562808837 0.21275841479184762
12 0.1869395911693573 0.06482168833414713 0.14840818643569947 0.12463588714599609
1 0.07079662370433686 0.32311456587152204 0.022663376803650537 0.052463385367196726
3 0.2064326853213223 0.3405389935545592 0.12953023617177373 0.12411951985397646
4 0.17964832138808418 0.406720772145377 0.08712574734490783 0.14104257684190366
4 0.05891372609552714 0.27426642592338885 0.029262772361432505 0.05308342720024219
17 0.13573508959172467 0.21911695645473014 0.01953125 0.03732965483371735
4 0.623437 0.542361 0.348438 0.298611
3 0.9490826170537441 0.55438846427127 0.1007637101720936 0.25250647431842715
17 0.0845832903849451 0.1521408711291139 0.08172620823192897 0.05644245524075062
0 0.025195969957928242 0.4709019987972755 0.01953125 0.10643836212945165
17 0.6802014174267242 0.15578635981996516 0.01953125 0.036594558892354814
13 0.6672993418015162 0.1853359273174868 0.009375 0.01884145820808802
15 0.8167771685658224 0.2810757183003747 0.009375 0.016666666666666666
17 0.10998556497919762 0.311495193896184 0.01953125 0.034722222222222224
1 0.29587594870573086 0.2893200107960582 0.041852268923505825 0.041308321242294034
1 0.11396237101945243 0.3599889407590324 0.01953125 0.06145555349455121
1 0.09496070630603023 0.316555853423696 0.02593843567450025 0.04228753809049965
3 0.0322276638514631 0.3177488392239588 0.05803012341307878 0.09267723469650285
1 0.4329308106377976 0.32859926203742224 0.06347304369468562 0.04492785108017171
1 0.28906182386799384 0.34509710916692204 0.04265939222238218 0.061862021072605355
1 0.3729128035053901 0.3116043948338519 0.055785663299601405 0.04638852255626089
3 0.07091303499341359 0.24682119637099476 0.01953125 0.040519333596861724
1 0.4999209949674908 0.3424974687129101 0.07399697345089112 0.0451798361740114
1 0.328802822805682 0.3015722121539527 0.04202398514511901 0.034722222222222224
1 0.33643393995892046 0.38244213303749747 0.07004913063996202 0.07148812334749499
1 0.3214916693967852 0.325656200000646 0.051410674580085226 0.04208374272620803
1 0.3816251300049439 0.34998085725705164 0.06478206184945047 0.048575620002614915
0 0.029546154636971113 0.7011136085981462 0.03366031432921474 0.17660197682752843
1 0.4143529375688491 0.40426776991130403 0.09185866014438947 0.08421302234577846
2 0.6926537406510095 0.3746414819710911 0.07316414415062633 0.03797594078557566
1 0.4428591953423876 0.38347640053024684 0.05840937044651827 0.07158619420633663
12 0.4997785706377524 0.051713073688984465 0.3142879129602867 0.10342614737796893
0 0.02150057886868184 0.4921345408917 0.019508514907621635 0.0850845645917281
1 0.08116336904055824 0.2937210124400673 0.03340002707094352 0.03566418875102378
