3 0.38707757667721504 0.5555739791304976 0.3419708257751212 0.4179913556134259
4 0.755729 0.489352 0.148958 0.221296
3 0.19454868882044848 0.4168555404008133 0.110099267156239 0.1798784245190944
11 0.5132645091644588 0.3369104526572075 0.09923648164957752 0.12562997212164692
12 0.09177658955256145 0.4974619264955874 0.029404362042744953 0.12655532271773726
0 0.9713571634545156 0.549007391351052 0.023296073735748195 0.12400298709301893
5 0.9692311270934619 0.5497368564997067 0.061537745813075466 0.13110960191109652
3 0.14115371284794806 0.3726012125193076 0.051410777861034616 0.11135208650002248
17 0.9588223287659925 0.3076458287276274 0.013020833333333334 0.027124226198723476
17 0.07287377350126148 0.37117362166674295 0.036951496587618614 0.0885106328589929
17 0.19457244171044596 0.16203156176605896 0.18877451497595316 0.11849004076284486
12 0.9501536751717349 0.31335619213788496 0.013020833333333334 0.04711049813462507
15 0.9504718174572039 0.3005078744648054 0.007229640636707812 0.015703499378208356
1 0.29779592664328786 0.3447631908943017 0.06265688551813606 0.027124226198723518
3 0.10420221626032942 0.3561839177148168 0.02409880212235997 0.08422786030129954
2 0.42351134438159904 0.30193546531736976 0.047394310840641427 0.04140013472436757
2 0.3845516142837838 0.29979407903852323 0.04177125701209063 0.03711736216667422
0 0.9188257974301338 0.38473573476610484 0.013020833333333334 0.0670967700705263
5 0.3588462253532665 0.29908028361224104 0.014459281273415945 0.032834589608981016
1 0.32751778259419856 0.28123539795518615 0.03534490977946124 0.025696635346159014
4 0.5681041571157589 0.3433356000417373 0.02008233510196651 0.044255316429496185
1 0.9810595033994388 0.4846670944456126 0.03788099320112224 0.06424158836539781
