0 0.9488649481403135 0.4252885881033202 0.021689486927590908 0.08877760478073264
1 0.06710749904308962 0.39268916165457673 0.10627898042554036 0.11971427721667373
12 0.9702209053413936 0.8890175187758078 0.059558189317212816 0.2219649624483846
17 0.5500300555239891 0.06781056549680883 0.028918562546831984 0.06138640666026905
17 0.463675732076799 0.0763761106121952 0.06024757032336673 0.04140013472436748
15 0.20622047857832002 0.18344542455452495 0.011246107657101318 0.01855868108333715
1 0.29337753041212195 0.2855181705128792 0.09237930648651324 0.07708990603847753
1 0.1949740884124853 0.28837335221800803 0.09157601308243465 0.0856554511538638
1 0.6399986342720662 0.20914205990068405 0.04337840883771471 0.035689771314109914
0 0.9095035713404584 0.4805653008655396 0.026509247352062233 0.10956253769221838
1 0.4937992347297492 0.2319835135417146 0.057837690111130616 0.047110498134624756
1 0.6950245149601881 0.21128344617953065 0.04096796360801195 0.03997254387180311
4 0.539062 0.297917 0.134375 0.106944
0 0.8346084616988897 0.48711353009766645 0.015733225188203963 0.11625745314502214
13 0.6156113256798403 0.08634471616580498 0.011353839823273015 0.024616831290887035
