1 0.017559491754782088 0.42505394344095193 0.035118983509564175 0.09210207581059772
1 0.5458594181730779 0.23919014852095774 0.06556284850834833 0.05268350011203989
1 0.04808464110977139 0.3551178405653131 0.09616928221954278 0.08921519630543565
2 0.27771330903258784 0.3090724310322015 0.11888798882110907 0.09850574592292405
0 0.9484633014382737 0.5421389347855048 0.03052571437245528 0.14059508192924228
4 0.36768217028939854 0.2542235612489167 0.09800236031506401 0.08257549046382666
1 0.6367854606557517 0.22280585019941362 0.04337840883771481 0.04833473458845395
12 0.9702209053413936 0.8890175187758078 0.059558189317212816 0.2219649624483846
17 0.5500300555239891 0.06781056549680883 0.028918562546831984 0.06138640666026905
17 0.463675732076799 0.0763761106121952 0.06024757032336673 0.04140013472436748
15 0.20622047857832002 0.18344542455452495 0.011246107657101318 0.01855868108333715
0 0.934405666866897 0.4632532316571462 0.026509247352062233 0.12134522246797437
4 0.119141 0.540972 0.141406 0.220833
1 0.10219398275013272 0.31978035097442475 0.050607484456956064 0.06281399751283344
0 0.23063082406279403 0.2131833734897171 0.007951343372635039 0.036453646321058526
0 0.2111557946428618 0.23417493948920307 0.007029448488851296 0.03747762515030176
0 0.8349721322429522 0.48969389590776374 0.016595610175675245 0.12024175259567015
0 0.9623427284191377 0.44570853152537715 0.020744512719594013 0.056717807828146345
0 0.9112793124939831 0.4067018816020171 0.015638171127078597 0.07571827345057539
0 0.9520502586467238 0.40414879475473503 0.01898920779716706 0.08422594462479728
13 0.6142388889743511 0.08565102231525475 0.01470442317293078 0.029616600727667676
