2 0.4294085915204041 0.25793954662990437 0.09137506484985351 0.07332988315680716
1 0.10537330814303152 0.3455020706025337 0.08441350387509176 0.09457963307698568
1 0.3745179727405495 0.26080062513033475 0.07793564224606195 0.060855817585604204
1 0.5332310199737549 0.2401317172580295 0.07067241668701171 0.05345870123969184
0 0.9295859064424254 0.4762493837894101 0.02490266054390567 0.12390473525473428
0 0.9491809163664409 0.4953726386824734 0.025534596996160824 0.12563076934041129
1 0.6723262310028076 0.22012759314643013 0.03915796279907226 0.037399843004014756
0 0.927979319634268 0.5308073166925177 0.026509247352062414 0.11472022912802708
1 0.4965062618255615 0.22993161943223742 0.06307897567749024 0.05869174533420139
0 0.7734342448378613 0.7733305454556606 0.07086819555386231 0.17501347728134098
2 0.6117790086894273 0.22417602534362133 0.053717517852783205 0.04863056616117299
1 0.35481498309008946 0.24590864843237478 0.07052559852600097 0.05513432820638021
0 0.6926143522392187 0.6592013846957855 0.04739487585810776 0.15487099045488595
4 0.224609 0.497222 0.183594 0.238889
4 0.5715413570404053 0.2135506060332863 0.061815071105957034 0.05547803243001302
0 0.7982474348755636 0.6154225325171588 0.04498499564587209 0.19674578753007846
0 0.6604826160760722 0.5229278240427283 0.04578828904995074 0.15046548636350734
1 0.7116230487823486 0.21259994506835939 0.030019283294677734 0.03648846944173177
12 0.9702153249531102 0.8890175187758077 0.05956935009377949 0.2219649624483846
17 0.5500300555239891 0.06781056549680883 0.028918562546831984 0.06138640666026905
17 0.463675732076799 0.0763761106121952 0.06024757032336673 0.04140013472436748
0 0.8741586615609973 0.4925188441347168 0.031329007776534475 0.11706244991028049
0 0.19296613741102192 0.2805216025289038 0.015262574677494867 0.06424158836539798
0 0.6331706403373976 0.47039118591996854 0.0393619418173213 0.13847631269874658
1 0.37370687081998843 0.8490449749040049 0.20644696986568375 0.30191005019199035
13 0.614968792651665 0.08689545628145143 0.013489710920421099 0.023604717973836533
0 0.20201002136537366 0.2399987876103887 0.00907037636137139 0.046786221013380126
0 0.20489817408023078 0.23674063219387184 0.009302374166577039 0.04525613772906585
0 0.18437481107522022 0.24510991793828818 0.010814009968645791 0.04174310420671826
0 0.16338632936188083 0.2581288068740468 0.010232611583234729 0.036783527469286405
0 0.11283017786884364 0.26874842838058305 0.010963238333225765 0.03518970302320067
0 0.9599002079067622 0.3981213401565266 0.016852277013710802 0.0681202068480204
