1 0.23926895260810851 0.40773646036783856 0.08523739576339721 0.08268305460611979
1 0.5002135217109223 0.39284417016023904 0.08874826431274414 0.0845536126030816
1 0.5893397331237793 0.36971316867404513 0.08155345916748047 0.058364952935112846
1 0.4312376379966736 0.4084329817030165 0.0728466272354126 0.08335444132486979
4 0.3530632495880127 0.3887120670742459 0.1026611328125 0.13584524790445965
1 0.26228932142404177 0.3752291878400096 0.07416276931762696 0.08027640448676215
1 0.44882974624633787 0.3352188958062066 0.06253795623779297 0.04843309190538195
1 0.38482148476800104 0.3153199937608507 0.05679643154144287 0.05800967746310764
1 0.5076868057250976 0.3473239050971137 0.07143526077270508 0.05916900634765624
12 0.18533419523830352 0.06990180995200658 0.1445930872728213 0.12839107950368556
17 0.08487682187973221 0.15198884794985396 0.08318589263549728 0.05959882209059971
17 0.1356589936444931 0.22066322350047304 0.021009734916847232 0.04499576377016286
3 0.17403334697492617 0.35688579111663865 0.07595175622535408 0.12205077928128137
1 0.22602614937739834 0.34071802554950786 0.042842228816737694 0.06118389714620071
12 0.5006262229364824 0.046920782783638454 0.31569423860966744 0.09384156556727691
5 0.9740161161158024 0.42133996578440264 0.04980465601578889 0.06657315233524437
17 0.6810026372975474 0.15856780151019467 0.019546766897636604 0.039468368884466296
5 0.8022855084774054 0.3867296317830027 0.031109300243062937 0.05576582241069168
1 0.28316512470815497 0.3577975619461277 0.03802247807485468 0.05769673202387844
1 0.45007258953535345 0.347367660352778 0.06804740980638925 0.05146501437239903
1 0.7374059147690433 0.4306132340929612 0.09249013219790193 0.06430570614298642
1 0.3909771760668102 0.8851712295304673 0.40003931157628836 0.2239512707389022
1 0.014634972304780119 0.32026441498419345 0.028115212660984108 0.058489269551678984
4 0.724219 0.603472 0.218750 0.354167
1 0.2976563719664238 0.29696804345439 0.04763617214742832 0.04183943300382476
