3 0.387077576677215 0.5555739791304976 0.3419708257751212 0.4179913556134259
4 0.829688 0.547222 0.240625 0.264815
3 0.19454868882044848 0.4168555404008133 0.11009926715623898 0.1798784245190944
1 0.9487054411979241 0.3601482372524112 0.07020610505708859 0.056312949290209094
11 0.4570339708789523 0.3247759304104101 0.08477720037616145 0.10992647274343859
12 0.09177658955256145 0.4974619264955874 0.02940436204274495 0.12655532271773726
1 0.7496950822150142 0.29265513622771094 0.01677592993069805 0.034264157557526057
5 0.9898979560209792 0.5580320109157475 0.017000945083360048 0.1145192930790146
1 0.9749214770669443 0.34932540860837874 0.03383990140062201 0.06082751634750127
3 0.14115371284794806 0.3726012125193076 0.051410777861034616 0.11135208650002248
17 0.9588223287659926 0.3076458287276274 0.013020833333333334 0.02712422619872348
17 0.07287377350126148 0.37117362166674295 0.036951496587618614 0.0885106328589929
17 0.19457244171044596 0.16203156176605896 0.18877451497595316 0.11849004076284486
12 0.950153675171735 0.31335619213788496 0.013020833333333334 0.04711049813462507
15 0.9504718174572039 0.3005078744648054 0.007229640636707812 0.015703499378208356
1 0.29779592664328786 0.3447631908943017 0.06265688551813606 0.027124226198723518
3 0.10420221626032942 0.3561839177148168 0.02409880212235997 0.08422786030129954
2 0.40744547630002587 0.3019354653173698 0.018475748293809036 0.04140013472436757
2 0.3845516142837838 0.29979407903852323 0.04177125701209063 0.03711736216667422
0 0.9188257974301338 0.38473573476610484 0.013020833333333334 0.0670967700705263
1 0.3676824527981318 0.27409744369236405 0.030525149354989227 0.025696635346159135
5 0.3588462253532665 0.29908028361224104 0.014459281273415945 0.032834589608981016
1 0.32751778259419856 0.28123539795518615 0.03534490977946124 0.025696635346159014
1 0.6661045398696891 0.3997244501700406 0.10041450059716732 0.0770918831344581
2 0.505447271597623 0.30764582872762736 0.021688921910123986 0.041400134724367536
