2 0.42298224428777476 0.2607947283350332 0.09137506484985351 0.07332988315680716
1 0.09737393981692744 0.3475412555384715 0.08755954606204128 0.09580282124373256
1 0.3672883321038415 0.25937303427777036 0.07793564224606195 0.060855817585604204
1 0.5332310199737549 0.2401317172580295 0.07067241668701171 0.05345870123969184
0 0.9287826130383469 0.471966611231717 0.02490266054390567 0.12390473525473428
0 0.9483776229623622 0.48395191186195813 0.025534596996160824 0.12563076934041129
1 0.6723262310028076 0.22012759314643013 0.03915796279907226 0.037399843004014756
0 0.93279908005874 0.5236693624296956 0.029722420968377183 0.11757541083315586
1 0.4965062618255615 0.22993161943223742 0.06307897567749024 0.05869174533420139
0 0.7987379870663391 0.7840374768498938 0.058818794492682167 0.1764410681339048
2 0.6117790086894273 0.22417602534362133 0.053717517852783205 0.04863056616117299
1 0.34356887543298814 0.2487638301375036 0.07052559852600097 0.05513432820638021
0 0.7034588131942809 0.6770462703528405 0.04337840883771444 0.17057448983309442
4 0.277344 0.456944 0.121875 0.133333
4 0.5715413570404053 0.2135506060332863 0.061815071105957034 0.05547803243001302
0 0.7978457881735243 0.6304122364690851 0.049001462666265504 0.20102856008777167
0 0.6849830649004717 0.535776141715808 0.032132301180613485 0.15046548636350743
1 0.7116230487823486 0.21259994506835939 0.030019283294677734 0.03648846944173177
12 0.9702153249531102 0.8890175187758077 0.05956935009377949 0.2219649624483846
17 0.5500300555239891 0.06781056549680883 0.028918562546831984 0.06138640666026905
17 0.463675732076799 0.0763761106121952 0.06024757032336673 0.04140013472436748
0 0.8693389011365253 0.4910912532821524 0.031329007776534475 0.11706244991028049
0 0.19135955060286458 0.277666420823775 0.015262574677494867 0.06424158836539798
0 0.6628924962883082 0.47895673103535497 0.02811583416021989 0.15275222122439044
1 0.37932992464853915 0.8254897258366922 0.2032337962493691 0.3490205483266156
13 0.6157497852523909 0.08863578267317454 0.011229082645742933 0.023409941325199884
0 0.24190922112673152 0.1995850271868409 0.007023787605055685 0.03576711002333801
