1 0.3532710075378418 0.5326345655653212 0.09302819569905599 0.11936278166594329
12 0.7910770734151205 0.3177656668203848 0.053583717346191405 0.03422732883029514
12 0.8996421813964843 0.334287601047092 0.05066477457682292 0.026219064218026618
0 0.567120107014974 0.34215621948242186 0.013604354858398436 0.053686127839265047
4 0.42119441032409666 0.49674871939199944 0.09982767105102539 0.13934173583984374
4 0.507812 0.780093 0.226042 0.387963
1 0.29331127802530926 0.48137834337022567 0.06380386352539064 0.091162109375
12 0.3008256912231445 0.43038575914171 0.018181737263997397 0.06318766276041667
1 0.2587065935134888 0.4225456379078053 0.06749396324157715 0.10740189728913484
17 0.8420978949201063 0.3086673927663029 0.026990604154544733 0.05535082094158889
17 0.7317256029309859 0.27699759315539374 0.017672419386904406 0.07189900452206391
17 0.44684967923760077 0.20529830289004397 0.0803291790313831 0.06261046469624176
17 0.2689565133428441 0.1896054121977028 0.13856783382913604 0.07081888909131866
17 0.39439541594015703 0.3023663573508414 0.013020833333333334 0.023148148148148147
12 0.37519624912925215 0.2843817793701766 0.013020833333333334 0.03603960126419249
0 0.16608154314232498 0.5957612087567636 0.027259784143895127 0.12091972852414745
4 0.8384101382552832 0.7282607253153159 0.18797140896609937 0.19544377231678933
0 0.4672451758111485 0.31559210992178355 0.013020833333333334 0.05896824651276062
