4 0.651042 0.525000 0.228125 0.316667
1 0.45412493721224995 0.44006073076622587 0.08068665217515095 0.09692064657378646
3 0.3862220923105876 0.3609477855541088 0.10953537623087566 0.13942424632884837
1 0.2933331489562988 0.45857973451967593 0.0724905014038086 0.09716706452546295
3 0.7479352315266927 0.32588263617621527 0.13292617797851564 0.11576283772786458
1 0.5066121578216553 0.3362855699327257 0.05635652542114257 0.049891945167824074
1 0.26595250765482586 0.35887735154893663 0.0448725700378418 0.055883534749348956
1 0.1868555704752604 0.449568854437934 0.060244909922281896 0.08935038248697917
1 0.1992435137430827 0.3496048397488064 0.04128214518229167 0.061876791494864004
11 0.1464630365371704 0.5945236771195023 0.14719913800557455 0.32789024070457173
1 0.11634450753529868 0.3084115770128038 0.026274156570434568 0.037259080674913195
1 0.27940030097961427 0.3245458956117983 0.0368189811706543 0.048045659948278356
4 0.4884024811509409 0.286604574356164 0.07303053391961892 0.07193086570345197
1 0.3163918654123942 0.3035858013011791 0.03229716618855794 0.033151047318070025
1 0.12435229619344075 0.29020928276909724 0.02788248062133789 0.024567780671296297
17 0.386550737229193 0.19810198846681698 0.034139901088337865 0.027818067225798555
1 0.10073781107904399 0.288575283394529 0.01740465545679965 0.023148148148148147
1 0.0754341196841583 0.28905080591120924 0.01820794724711352 0.023148148148148147
1 0.19632953412638995 0.2872249434290817 0.02168887833847349 0.025202693384056795
1 0.21266313386277125 0.2919039410112912 0.023295461919101135 0.023148148148148147
1 0.23917176294312764 0.29190394101129113 0.021688878338473463 0.023148148148148147
1 0.26487710023317035 0.2914284184946109 0.024902045499728805 0.023148148148148147
1 0.30174219616379816 0.29146725878600815 0.02249217012878728 0.023148148148148147
