0 0.08246170282656858 0.4911606913248365 0.021813440322875976 0.10171217817032017
4 0.27847327015343215 0.5018785997593758 0.14575549562808837 0.21275841479184762
12 0.1869395911693573 0.06482168833414713 0.14840818643569947 0.12463588714599609
1 0.06736382998651474 0.3215368065878297 0.024901762991563055 0.04930786679981196
3 0.19722888878265504 0.3327824550249069 0.12504636745987904 0.11526375802819647
4 0.17964832138808418 0.406720772145377 0.08712574734490783 0.14104257684190366
4 0.05891372609552714 0.27426642592338885 0.029262772361432505 0.05308342720024219
17 0.13573508959172467 0.21911695645473014 0.01953125 0.03732965483371735
4 0.574609 0.523611 0.317969 0.280556
3 0.9038803934943562 0.5364054228272422 0.19223921301128777 0.2517931905434069
17 0.0845832903849451 0.1521408711291139 0.08172620823192897 0.05644245524075062
0 0.025195969957928242 0.4709019987972755 0.01953125 0.10643836212945165
17 0.6802014174267242 0.15578635981996516 0.01953125 0.036594558892354814
13 0.6672993418015162 0.1853359273174868 0.009375 0.01884145820808802
15 0.8167771685658224 0.2810757183003747 0.009375 0.016666666666666666
17 0.10998556497919762 0.311495193896184 0.01953125 0.034722222222222224
1 0.29587594870573086 0.2893200107960582 0.041852268923505825 0.041308321242294034
1 0.11129761318165406 0.35602700350743943 0.02378970995517825 0.06592152596304951
1 0.09135671431436306 0.31560480839033545 0.02993325249657931 0.04228753809049965
3 0.030066748801637892 0.3151984383655686 0.05370829331342837 0.0875764329797223
1 0.43196362421305545 0.3296855398504302 0.06219424938291449 0.045132908037557415
1 0.283801188864639 0.34509710916692204 0.05318066222909187 0.061862021072605355
1 0.3729128035053901 0.3123994656715711 0.055785663299601405 0.044798380880822226
3 0.07637186720015635 0.24916649784991496 0.024558107951184138 0.047112026621423504
1 0.5023997081615004 0.33726866173701553 0.06903954706287234 0.034722222222222224
1 0.328802822805682 0.3015722121539527 0.04202398514511901 0.034722222222222224
1 0.33643393995892046 0.38244213303749747 0.07004913063996202 0.07148812334749499
1 0.3214916693967852 0.325656200000646 0.051410674580085226 0.04208374272620803
1 0.3816251300049439 0.34998085725705164 0.06478206184945047 0.048575620002614915
0 0.019511628262918267 0.6900180832089389 0.0378685245772604 0.17660197682752843
1 0.39704374969293715 0.40868193873445613 0.05724028439256523 0.09304135999208256
2 0.7183926616597943 0.40022800491516014 0.09108224026175146 0.08027256636234696
0 0.022148684016760605 0.4915312989946322 0.01927900296753196 0.08730593406250615
12 0.5002248595494914 0.05207172455708422 0.3132837982223944 0.10414344911416844
