0 0.08246170282656858 0.4911606913248365 0.021813440322875976 0.10171217817032017
4 0.27847327015343215 0.5018785997593758 0.14575549562808837 0.21275841479184762
12 0.1869395911693573 0.06482168833414713 0.14840818643569947 0.12463588714599609
1 0.07079662370433686 0.32311456587152204 0.022663376803650537 0.052463385367196726
3 0.20964585248257764 0.3405389935545592 0.12953023617177373 0.12411951985397646
4 0.1800499672832411 0.406720772145377 0.08712574734490783 0.14104257684190366
4 0.05891372609552714 0.27426642592338885 0.029262772361432505 0.05308342720024219
17 0.13573508959172467 0.21911695645473014 0.01953125 0.03732965483371735
4 0.657813 0.543056 0.343750 0.330556
3 0.9757806824331074 0.5610518836966498 0.04736757941336726 0.23110796106781312
17 0.0845832903849451 0.1521408711291139 0.08172620823192897 0.05644245524075062
0 0.025195969957928242 0.4709019987972755 0.01953125 0.10643836212945165
17 0.6802014174267242 0.15578635981996516 0.01953125 0.036594558892354814
13 0.6672993418015162 0.1853359273174868 0.009375 0.01884145820808802
15 0.8167771685658224 0.2810757183003747 0.009375 0.016666666666666666
17 0.10998556497919762 0.311495193896184 0.01953125 0.034722222222222224
1 0.29587594870573086 0.2893200107960582 0.041852268923505825 0.041308321242294034
1 0.09815621110160197 0.3187950999844602 0.02677705219618125 0.04779501781925783
3 0.0322276638514631 0.3177488392239588 0.05803012341307878 0.09267723469650285
1 0.4316712934760168 0.32923386009151473 0.061617770579227946 0.0436586549719867
1 0.2910142690315213 0.34672747208125454 0.03600035861425132 0.061862021072605355
1 0.3729128035053901 0.31258800448591106 0.055785663299601405 0.044421303252142476
3 0.06689657604184442 0.24610791259597423 0.01953125 0.040519333596861724
1 0.4999209949674908 0.3424974687129101 0.07399697345089112 0.0451798361740114
1 0.33643393995892046 0.38244213303749747 0.07004913063996202 0.07148812334749499
1 0.3174212412959698 0.325656200000646 0.05955153078171606 0.04208374272620803
1 0.3816251300049439 0.34998085725705164 0.06478206184945047 0.048575620002614915
0 0.036692746891395865 0.7114600378541269 0.03751070556398446 0.1701900518887118
1 0.4143529375688491 0.40426776991130403 0.09185866014438947 0.08421302234577846
2 0.6751242367640783 0.37263810579964846 0.07987630947308347 0.03539575599273141
2 0.45206586404740723 0.3836333901832573 0.07682270785655741 0.08471749288284498
12 0.49861827596886366 0.049929864251433274 0.3116772146417667 0.09985972850286655
0 0.022178525527278857 0.4943367474554557 0.01887735707237505 0.08345821963857467
1 0.07877666809023799 0.2934184984767242 0.03350874325309127 0.037498347029647924
