2 0.43101517832856134 0.25793954662990437 0.09137506484985351 0.07332988315680716
1 0.11424034833908081 0.34121929804484047 0.08768830299377442 0.09457963307698568
1 0.3839968204498291 0.25659542083740233 0.07825698852539062 0.061010954115125866
1 0.5332310199737549 0.2401317172580295 0.07067241668701171 0.05345870123969184
0 0.9282942100742986 0.5048012008406983 0.022319267807652362 0.14389100719063552
0 0.9523940899827558 0.5239244557337612 0.03035435742063288 0.13419631445579774
1 0.6723262310028076 0.22012759314643013 0.03915796279907226 0.037399843004014756
0 0.9138764914186448 0.5536487703335482 0.027222153467648592 0.12899613765367077
1 0.4965062618255615 0.22993161943223742 0.06307897567749024 0.05869174533420139
0 0.6943098445361129 0.6926716622857723 0.049179273643738516 0.18500661324929163
2 0.6117790086894273 0.22417602534362133 0.053717517852783205 0.04863056616117299
1 0.3604380369186401 0.24733623928493922 0.07052559852600097 0.05513432820638021
0 0.5809565690722842 0.5942460009041055 0.03293559458469204 0.1477330361920638
4 0.139453 0.636806 0.152344 0.331944
4 0.5715413570404053 0.2135506060332863 0.061815071105957034 0.05547803243001302
0 0.8279692908264742 0.5733086023665094 0.04337840883771481 0.16962156133135473
0 0.5765384553498516 0.4808138938920787 0.027312540756141333 0.12334126016478394
1 0.7116230487823486 0.21259994506835939 0.030019283294677734 0.03648846944173177
0 0.9601110557974147 0.4309763420309577 0.026509247352062233 0.09167800545110147
12 0.9702153249531102 0.8890175187758077 0.05956935009377949 0.2219649624483846
17 0.5500300555239891 0.06781056549680883 0.028918562546831984 0.06138640666026905
17 0.463675732076799 0.0763761106121952 0.06024757032336673 0.04140013472436748
15 0.20622047857832002 0.18344542455452495 0.011246107657101318 0.01855868108333715
0 0.8950442900670426 0.482525708166766 0.023296073735748015 0.11135208650002279
0 0.20220401155792653 0.28409057966031487 0.014459281273416266 0.054248452397447126
0 0.22951570478786804 0.2491146037724872 0.01124667267456787 0.04425531642949619
0 0.17489203581925203 0.24982839919876937 0.011246107657101318 0.051393270692318235
0 0.23554068782719137 0.20557308276927314 0.01044281425302267 0.0371173621666743
0 0.5588660004601209 0.4339876191795764 0.02409936713982666 0.13419354014105342
1 0.3528212423139432 0.9432659711732551 0.19841403582489708 0.1134680576534902
13 0.6168073751279068 0.0891800890640353 0.011463865468865122 0.022112446272483974
0 0.12527487403476492 0.268297593334217 0.0100801326312678 0.03743251738843522
0 0.19327815686063116 0.24490226996644499 0.007672936779024711 0.041443144251481774
