2 0.43101517832856134 0.25793954662990437 0.09137506484985351 0.07332988315680716
1 0.11424034833908081 0.34121929804484047 0.08768830299377442 0.09457963307698568
1 0.3839968204498291 0.25659542083740233 0.07825698852539062 0.061010954115125866
1 0.5332310199737549 0.2401317172580295 0.07067241668701171 0.05345870123969184
0 0.9102201084825289 0.5497703126964769 0.035975255676989525 0.16244968827397252
0 0.935926575199143 0.5674659767369751 0.037583998057340876 0.15561017724426393
1 0.6723262310028076 0.22012759314643013 0.03915796279907226 0.037399843004014756
0 0.8632690069616888 0.5786316102534251 0.04168143474106458 0.12185818339084885
1 0.4965062618255615 0.22993161943223742 0.06307897567749024 0.05869174533420139
0 0.6316529590179767 0.6170093470998592 0.041146339602951686 0.1621651596082613
2 0.6117790086894273 0.22417602534362133 0.053717517852783205 0.04863056616117299
1 0.3604380369186401 0.24733623928493922 0.07052559852600097 0.05513432820638021
0 0.4620691452686418 0.5307182079649901 0.029722420968377274 0.14059508192924153
4 0.102734 0.760417 0.107031 0.423611
4 0.5715413570404053 0.2135506060332863 0.061815071105957034 0.05547803243001302
0 0.8596993802875813 0.5340498539209885 0.036148768201006716 0.1653387887736614
0 0.4741185463298218 0.43370339575745365 0.029722420968377183 0.13476198698529893
1 0.7116230487823486 0.21259994506835939 0.030019283294677734 0.03648846944173177
0 0.9585595477683724 0.46737990877134983 0.023406231293977852 0.11880223164982495
12 0.9702153249531102 0.8890175187758077 0.05956935009377949 0.2219649624483846
17 0.5500300555239891 0.06781056549680883 0.028918562546831984 0.06138640666026905
17 0.463675732076799 0.0763761106121952 0.06024757032336673 0.04140013472436748
0 0.9111101581486156 0.4718187767725329 0.018476313311275958 0.10135895053207224
0 0.21626164612930335 0.2933699202019834 0.01526257467749464 0.06424158836539791
0 0.4877748167078922 0.417570324375086 0.016869161485652297 0.10421413223720084
0 0.1833263340533447 0.2605353305930024 0.012049966078646652 0.049965679839753835
0 0.16404757486419005 0.2619629214455667 0.013655987869337324 0.049965679839753835
0 0.23473739442311267 0.20842826447440185 0.01044281425302267 0.0371173621666743
15 0.5782159268161571 0.08602719698448108 0.011789240936352034 0.02246973900833238
0 0.1402015686062538 0.2679160863591453 0.009685294059376114 0.03880091756702527
0 0.14955854761276968 0.2749177556945484 0.010670239217956718 0.03646702778855755
0 0.194537709854618 0.2464734740194735 0.011983499429397517 0.04259348845703524
0 0.48224336265072887 0.1787300658409025 0.00870034890079553 0.036758764010866
