2 0.6570720672607422 0.5626861818695265 0.1559735616048177 0.14960819543340073
3 0.47971272468566895 0.4104108174641927 0.16226301193237305 0.19375107376663772
1 0.29339046478271485 0.45896852281358513 0.0720306396484375 0.09802330864800346
4 0.345052 0.803241 0.117188 0.306481
3 0.7478843053181966 0.32750235663519967 0.13282432556152343 0.1165811609338831
1 0.18511877059936524 0.44929911295572916 0.06125036875406901 0.08589692292390046
1 0.33102162679036456 0.40803010728624134 0.061347834269205724 0.07415941026475695
1 0.23054885864257812 0.3874995478877315 0.0529802958170573 0.08103535970052084
3 0.9449667612711588 0.6289004431830512 0.10991592407226562 0.3657000223795573
1 0.36138704617818196 0.372365485297309 0.05294332504272461 0.0730571605541088
1 0.14655593236287434 0.3390129937065972 0.03521868387858073 0.05407714843750001
1 0.10489952564239502 0.2966157701280382 0.02304698626200358 0.029722990813078703
1 0.3892788887023926 0.31459118878399883 0.039291699727376304 0.03725049054181134
17 0.6237786458514963 0.3698866405302103 0.014198855801016427 0.02926112299431058
4 0.4978187980387884 0.2920475013342144 0.09278020178124755 0.0898737556525799
17 0.3867637080279011 0.19682411736898098 0.03454154698349477 0.024964932125716634
1 0.1313282795721989 0.2884744325689353 0.028275871019046894 0.023148148148148147
1 0.18418487937484898 0.28790380554891887 0.03116772146417666 0.023148148148148147
1 0.21326404218420975 0.2913275676690172 0.022492170128787254 0.023148148148148147
1 0.2386480627581268 0.29418070276909913 0.021849536696536265 0.023148148148148147
1 0.2715830261609939 0.2951604231353854 0.0285971877351724 0.030813859080884538
1 0.3075704983670536 0.3002960663155328 0.02731192087067024 0.028531351000819
