2 0.43101517832856134 0.25793954662990437 0.09137506484985351 0.07332988315680716
1 0.11424034833908081 0.34121929804484047 0.08768830299377442 0.09457963307698568
1 0.3839968204498291 0.25659542083740233 0.07825698852539062 0.061010954115125866
1 0.5332310199737549 0.2401317172580295 0.07067241668701171 0.05345870123969184
0 0.9049987013560173 0.5569082669592988 0.036778549081068174 0.15388414315858628
0 0.929901874668553 0.59173502123057 0.033567531036947644 0.15846535894939262
1 0.6723262310028076 0.22012759314643013 0.03915796279907226 0.037399843004014756
0 0.8443916119658402 0.5764902239745786 0.03284520729619929 0.11472022912802683
1 0.4965062618255615 0.22993161943223742 0.06307897567749024 0.05869174533420139
0 0.6023327497691054 0.5948816888851111 0.03712987258255846 0.1607375687556968
2 0.6117790086894273 0.22417602534362133 0.053717517852783205 0.04863056616117299
1 0.3604380369186401 0.24733623928493922 0.07052559852600097 0.05513432820638021
0 0.4162814212361578 0.4928870503720337 0.0393619418173213 0.14202267278180583
4 0.071094 0.795139 0.140625 0.401389
4 0.5715413570404053 0.2135506060332863 0.061815071105957034 0.05547803243001302
0 0.8726692194716759 0.5190601499690626 0.03156329721420713 0.1553456528057103
0 0.4411835167625965 0.4179998963792453 0.04096852862547859 0.12619644186991252
1 0.7116230487823486 0.21259994506835939 0.030019283294677734 0.03648846944173177
0 0.956952960960215 0.4816558172969938 0.023406231293977852 0.11880223164982495
12 0.9702153249531102 0.8890175187758077 0.05956935009377949 0.2219649624483846
17 0.5500300555239891 0.06781056549680883 0.028918562546831984 0.06138640666026905
17 0.463675732076799 0.0763761106121952 0.06024757032336673 0.04140013472436748
0 0.9183400812940576 0.43827039173726967 0.01526257467749464 0.04282772557693188
0 0.221884699957854 0.29051473849685466 0.01526257467749464 0.06424158836539791
0 0.4540364937365884 0.39901164329174876 0.028115269142753335 0.0985037688269434
0 0.18011316043703002 0.26124912601928457 0.01044337927048936 0.057103634102575816
0 0.20943365219463467 0.26124912601928457 0.012852694465258654 0.04282772557693188
0 0.15922781443971806 0.26339051229813115 0.013655987869337324 0.049965679839753835
0 0.23473739442311267 0.20842826447440185 0.01044281425302267 0.0371173621666743
0 0.14703111414430686 0.27861274042107753 0.00954161722978025 0.03592605640396944
0 0.19287939354503056 0.25145264177967663 0.009056450251994788 0.036213464855201175
