4 0.716667 0.536574 0.290625 0.356481
11 0.17243460416793824 0.6231267575864439 0.17668516635894777 0.34798092312282985
2 0.4733478864034017 0.45725102236968146 0.08630924224853516 0.1036692515569336
1 0.2934086322784424 0.4587222629123264 0.07225408554077148 0.0973590992115162
1 0.27983293533325193 0.36832237243652344 0.04882106781005859 0.05857467651367187
1 0.18516895771026612 0.44552122045446324 0.061579593022664386 0.0784781844527633
3 0.40073671340942385 0.3696897577356409 0.1154177983601888 0.1474818194354022
1 0.4790842374165853 0.33193639119466145 0.045798301696777344 0.04809163411458333
3 0.7482817649841309 0.32729773344816987 0.13351268768310548 0.11969567758065683
1 0.2060850143432617 0.358123779296875 0.043474706013997395 0.0688539293077257
1 0.2980674107869466 0.3349835713704427 0.038010597229003906 0.05451597990813078
1 0.12500876188278198 0.31366587038393373 0.027849030494689942 0.040608526159215855
1 0.3036860148111979 0.30230707239221644 0.03342132568359375 0.03878224690755208
1 0.14654711087544758 0.2901275493480541 0.03728062311808268 0.02393784699616609
4 0.4893746289628557 0.2892456111834556 0.07912424134591248 0.07917449902727276
17 0.38675410275026373 0.19794528798083474 0.03534483877380858 0.02781806722579851
1 0.2662998328805995 0.2913814083488162 0.02506270385779156 0.023148148148148147
1 0.2393092287260547 0.29309328940886537 0.02184953669653622 0.023148148148148147
1 0.21263994128763553 0.2937876962651435 0.02313480356103834 0.023395707820671588
1 0.22501063485846853 0.2839632570886032 0.022813486844912786 0.023148148148148147
1 0.11720887659835232 0.2896695272887671 0.026347970722293675 0.023148148148148147
1 0.0828279879729203 0.2890989002687507 0.0205642698320341 0.023148148148148147
1 0.3330054872922633 0.2778016944874097 0.013020833333333334 0.023148148148148147
15 0.8897068291832273 0.19625405879756516 0.008657479727731508 0.020258402255005886
