0 0.08246170282656858 0.4911606913248365 0.021813440322875976 0.10171217817032017
4 0.27847327015343215 0.5018785997593758 0.14575549562808837 0.21275841479184762
12 0.1869395911693573 0.06482168833414713 0.14840818643569947 0.12463588714599609
1 0.07280485318012145 0.3248977753090732 0.022663376803650537 0.052463385367196726
3 0.21225655080109757 0.34125227732957963 0.12953023617177373 0.12411951985397646
4 0.1800499672832411 0.406720772145377 0.08712574734490783 0.14104257684190366
4 0.05891372609552714 0.27426642592338885 0.029262772361432505 0.05308342720024219
17 0.13573508959172467 0.21911695645473014 0.01953125 0.03732965483371735
4 0.689844 0.559028 0.365625 0.354167
1 0.9872275904450794 0.48024439436376315 0.024473763389423166 0.06949298240203997
17 0.0845832903849451 0.1521408711291139 0.08172620823192897 0.05644245524075062
0 0.025195969957928242 0.4709019987972755 0.01953125 0.10643836212945165
17 0.6802014174267242 0.15578635981996516 0.01953125 0.036594558892354814
13 0.6672993418015162 0.1853359273174868 0.009375 0.01884145820808802
15 0.8167771685658224 0.2810757183003747 0.009375 0.016666666666666666
17 0.10998556497919762 0.311495193896184 0.01953125 0.034722222222222224
1 0.2953715207092831 0.2893200107960582 0.04828901112840458 0.041308321242294034
1 0.10016444057738653 0.319865025646991 0.02677705219618125 0.04779501781925783
3 0.034514189094509685 0.31845994660334076 0.06260317389917194 0.09409944945526667
1 0.43116086166550394 0.329809056481894 0.05993314575009915 0.04250826219122816
1 0.29239134067205924 0.34509710916692204 0.03600035861425132 0.061862021072605355
1 0.3729128035053901 0.31250599935601076 0.055785663299601405 0.04458531351194319
3 0.06689657604184442 0.24610791259597423 0.01953125 0.040519333596861724
1 0.4999209949674908 0.3424974687129101 0.07399697345089112 0.0451798361740114
1 0.3305824464777608 0.30587742940030893 0.0455832324892765 0.03738008777225195
1 0.33643393995892046 0.3806592654532974 0.07004913063996202 0.07505385851589515
1 0.3176080533402289 0.3279785192681546 0.05955153078171606 0.04208374272620803
1 0.3816251300049439 0.3525764547802443 0.06478206184945047 0.05376681504900021
0 0.04070920584296502 0.7157397405042496 0.03751070556398446 0.1701900518887118
1 0.4124670683605217 0.40426776991130403 0.09336797899988375 0.08421302234577846
2 0.6575390720420986 0.3665950687142301 0.08768209081091391 0.034722222222222224
2 0.4523682083222834 0.3839766183732029 0.07742739640630983 0.0851641972211832
1 0.5367053004332201 0.36682514455766113 0.07711601187012793 0.05106191985354401
1 0.08037543974353387 0.29275472627888555 0.026307806132777983 0.03637747252604431
12 0.49901992186402067 0.0492165804764128 0.3156936735933359 0.0984331609528256
0 0.021091436987994865 0.49180980975925653 0.01996753878780096 0.08640923445962337
