2 0.43101517832856134 0.25793954662990437 0.09137506484985351 0.07332988315680716
1 0.11424034833908081 0.34121929804484047 0.08768830299377442 0.09457963307698568
1 0.3839968204498291 0.25659542083740233 0.07825698852539062 0.061010954115125866
1 0.5332310199737549 0.2401317172580295 0.07067241668701171 0.05345870123969184
0 0.9282942100742986 0.5048012008406983 0.022319267807652362 0.14389100719063552
0 0.9495825630684802 0.5310624099965832 0.034370824441025925 0.13705149616092652
1 0.6723262310028076 0.22012759314643013 0.03915796279907226 0.037399843004014756
0 0.9058435573778585 0.5572177474649592 0.03686167431659253 0.1275685468011063
1 0.4965062618255615 0.22993161943223742 0.06307897567749024 0.05869174533420139
0 0.6963180780463094 0.6762543674812816 0.05480232747228904 0.17786865898646959
2 0.6117790086894273 0.22417602534362133 0.053717517852783205 0.04863056616117299
1 0.3604380369186401 0.24733623928493922 0.07052559852600097 0.05513432820638021
0 0.5656939943947897 0.5885356374938481 0.06185415713152385 0.15344339960232134
4 0.117969 0.657639 0.154688 0.368056
4 0.5715413570404053 0.2135506060332863 0.061815071105957034 0.05547803243001302
0 0.8303791710387101 0.5711672160876629 0.04659158245402957 0.1710491521839191
0 0.5628824674805142 0.4708207579241279 0.04337840883771463 0.12048607845965509
1 0.7116230487823486 0.21259994506835939 0.030019283294677734 0.03648846944173177
0 0.9605127024994543 0.432403932883522 0.024099367139826293 0.10024355056648779
12 0.9702153249531102 0.8890175187758077 0.05956935009377949 0.2219649624483846
17 0.5500300555239891 0.06781056549680883 0.028918562546831984 0.06138640666026905
17 0.463675732076799 0.0763761106121952 0.06024757032336673 0.04140013472436748
15 0.20622047857832002 0.18344542455452495 0.011246107657101318 0.01855868108333715
0 0.8950442900670426 0.482525708166766 0.023296073735748015 0.11135208650002279
0 0.2050155384722021 0.28765955679172583 0.01526257467749464 0.06424158836539791
0 0.1913592680941314 0.25196978547761595 0.012049966078646652 0.049965679839753835
0 0.17127721550089808 0.2548249671827447 0.013655987869337324 0.049965679839753835
0 0.23554068782719137 0.20557308276927314 0.01044281425302267 0.0371173621666743
0 0.5423984856765084 0.4347014146058586 0.029722420968377274 0.13276594928848898
1 0.3516165847165585 0.9618246522565921 0.19279041697887978 0.07635069548681603
0 0.12720230686652909 0.26828851180892804 0.009397023172651661 0.03515816854254442
13 0.6153488482767387 0.08727609703533822 0.01137534384057837 0.020215946911963035
0 0.23079832453297416 0.24957097920973598 0.007676265254062271 0.040926139824810644
