2 0.43101517832856134 0.25793954662990437 0.09137506484985351 0.07332988315680716
1 0.11424034833908081 0.34121929804484047 0.08768830299377442 0.09457963307698568
1 0.3839968204498291 0.25659542083740233 0.07825698852539062 0.061010954115125866
1 0.5332310199737549 0.2401317172580295 0.07067241668701171 0.05345870123969184
0 0.9198596293314727 0.5326392224657042 0.032762082060674755 0.1510289614534573
0 0.9439595092399296 0.5546176590638957 0.031157650824711346 0.14418945042374853
1 0.6723262310028076 0.22012759314643013 0.03915796279907226 0.037399843004014756
0 0.8825480486595769 0.5722074514168854 0.03846826112474981 0.12043059253828446
1 0.4965062618255615 0.22993161943223742 0.06307897567749024 0.05869174533420139
0 0.6577599946505335 0.6441335732985827 0.04034304619887295 0.17358588642877654
2 0.6117790086894273 0.22417602534362133 0.053717517852783205 0.04863056616117299
1 0.3604380369186401 0.24733623928493922 0.07052559852600097 0.05513432820638021
0 0.5054469890888895 0.5521320707534559 0.02650924735206251 0.14345026363437047
4 0.097656 0.776389 0.165625 0.336111
4 0.5715413570404053 0.2135506060332863 0.061815071105957034 0.05547803243001302
0 0.8512647995447553 0.5497533532991968 0.04016523522140031 0.17390433388904789
0 0.5118733363215192 0.4465517134305333 0.02329607373574783 0.106210169934011
1 0.7116230487823486 0.21259994506835939 0.030019283294677734 0.03648846944173177
0 0.9589061156912967 0.4509626139668592 0.017673019907196948 0.10024355056648787
12 0.9702153249531102 0.8890175187758077 0.05956935009377949 0.2219649624483846
17 0.5500300555239891 0.06781056549680883 0.028918562546831984 0.06138640666026905
17 0.463675732076799 0.0763761106121952 0.06024757032336673 0.04140013472436748
0 0.9066923269349167 0.4475497322789383 0.02088562850604516 0.05282086154488257
0 0.21224517910891008 0.2890871476442902 0.01526257467749464 0.06424158836539791
0 0.18653950766965938 0.2548249671827447 0.012049966078646652 0.049965679839753835
0 0.1656541616723474 0.25910773974043794 0.013655987869337324 0.049965679839753835
0 0.23473739442311267 0.20842826447440185 0.01044281425302267 0.0371173621666743
0 0.1355523316059561 0.26847213268915876 0.010303677001913083 0.037169429666449476
0 0.15169988511641685 0.27393822528716605 0.011226394345367985 0.036076211146847975
0 0.19722060739352537 0.24428467294297665 0.010918821897549646 0.04017578059535349
