4 0.753125 0.554630 0.282292 0.346296
11 0.1842832644780477 0.6340222394024885 0.18877142270406086 0.35358796296296297
3 0.4053288459777832 0.37230589124891494 0.12167237599690757 0.15154255054615162
2 0.48139909108479817 0.466260740492079 0.09000434875488281 0.11110509236653646
1 0.2932423114776611 0.45858306884765626 0.0723427136739095 0.09745743362991897
1 0.28476243019104003 0.3711575260868779 0.049979750315348306 0.06008555094401042
1 0.18511374791463217 0.4447997764304833 0.06161683400472005 0.07717788131148727
3 0.7481870651245117 0.3254505298755787 0.1333916982014974 0.11601426866319445
1 0.47199440002441406 0.32721301891185617 0.04193255106608073 0.03959794221100984
1 0.2084006150563558 0.3588127136230469 0.044263172149658206 0.06494055853949653
1 0.12687512636184692 0.31633531075936777 0.029122138023376463 0.04072635791919849
1 0.30363980929056805 0.338273267392759 0.038865820566813154 0.05552760936595775
1 0.15872247219085694 0.29025425381130643 0.03141474723815918 0.023438715051721643
1 0.2975406329012855 0.29806486025035306 0.032465394337972006 0.033161022044994215
17 0.6248425370110839 0.3678526613611334 0.01510188565790008 0.023148148148148147
4 0.4977363500485133 0.2903366120090278 0.09446711454090657 0.08159966386234237
17 0.3862394495529535 0.19760972125636594 0.034702205341557525 0.027390096960786193
1 0.3141663053024001 0.28458290323500385 0.018636369535280927 0.023148148148148147
1 0.3338507073302136 0.2783060060148236 0.013020833333333334 0.023148148148148147
1 0.2642015559448797 0.29143042747520037 0.02602665400616812 0.023148148148148147
1 0.23881753537096267 0.2937129355552659 0.02281348684491283 0.023148148148148147
1 0.21327285643898283 0.29314230853524953 0.02313480356103838 0.023148148148148147
1 0.12185825070126874 0.29028917343516764 0.026669287438419207 0.023148148148148147
1 0.08506748670489525 0.28914791939513484 0.02184953669653622 0.023148148148148147
15 0.8894046139327629 0.19580507800634386 0.008579669585621983 0.017445508848120284
