2 0.43101517832856134 0.25793954662990437 0.09137506484985351 0.07332988315680716
1 0.11424034833908081 0.34121929804484047 0.08768830299377442 0.09457963307698568
1 0.3839968204498291 0.25659542083740233 0.07825698852539062 0.061010954115125866
1 0.5332310199737549 0.2401317172580295 0.07067241668701171 0.05345870123969184
0 0.9166464557151581 0.539063381302244 0.02954890844436036 0.1496013706008929
0 0.9387381021134183 0.5603280224741533 0.036780704653262046 0.14704463212887744
1 0.6723262310028076 0.22012759314643013 0.03915796279907226 0.037399843004014756
0 0.8765233481289869 0.5750626331220141 0.03605838091251388 0.1175754108331557
1 0.4965062618255615 0.22993161943223742 0.06307897567749024 0.05869174533420139
0 0.6433007133771175 0.6427059824460183 0.05158915385597427 0.1735858864287766
2 0.6117790086894273 0.22417602534362133 0.053717517852783205 0.04863056616117299
1 0.3604380369186401 0.24733623928493922 0.07052559852600097 0.05513432820638021
0 0.48777453419915895 0.544994116490634 0.050608049474422614 0.13488471851898406
4 0.077344 0.768750 0.140625 0.343056
4 0.5715413570404053 0.2135506060332863 0.061815071105957034 0.05547803243001302
0 0.8596993802875813 0.5340498539209885 0.036148768201006716 0.1653387887736614
0 0.5026354621746145 0.44441032715168666 0.03373888798877041 0.12762403272247694
1 0.7116230487823486 0.21259994506835939 0.030019283294677734 0.03648846944173177
0 0.9605127024994541 0.4545315910982702 0.02088619352351171 0.10452632312418102
12 0.9702153249531102 0.8890175187758077 0.05956935009377949 0.2219649624483846
17 0.5500300555239891 0.06781056549680883 0.028918562546831984 0.06138640666026905
17 0.463675732076799 0.0763761106121952 0.06024757032336673 0.04140013472436748
0 0.9087005604451133 0.4439807551475272 0.01526257467749464 0.04282772557693188
0 0.21304847251298872 0.2905147384968546 0.01526257467749464 0.06424158836539791
0 0.18653950766965938 0.2548249671827447 0.012049966078646652 0.049965679839753835
0 0.1656541616723474 0.25910773974043794 0.013655987869337324 0.049965679839753835
0 0.23473739442311267 0.20842826447440185 0.01044281425302267 0.0371173621666743
15 0.5786361199844916 0.08531738903730819 0.011211780446705698 0.01981233250396538
0 0.19682529736115564 0.24582036232165885 0.011246297230423604 0.04565123155585498
0 0.15048518655637785 0.27456149245856437 0.012140889055570928 0.03679352991068904
0 0.1366190132665942 0.2683156771959474 0.010479504237440188 0.03838337379571881
